codeInseeImmo,valeur_moyenne_fonciere,local_total,local_maison,local_appart
1053,2129,122,19,103
1398,1670,6,4,2
1230,2021,2,2,0
1333,3459,2,0,2
1007,2422,11,11,0
1004,4031,42,20,22
1419,6376,29,14,15
1396,1571,3,2,1
1130,1804,6,6,0
1143,7302,50,10,40
1431,2226,7,5,2
1160,5273,31,3,28
1344,1739,8,7,1
1241,1945,5,5,0
1025,2014,5,5,0
1095,1969,5,5,0
1180,6379,5,4,1
1244,3231,20,12,8
1350,2548,13,12,1
1173,7364,67,22,45
1112,2273,2,2,0
1204,2371,2,2,0
1170,1394,2,2,0
1231,1894,5,5,0
1108,1371,5,5,0
1322,3942,10,10,0
1347,3819,6,6,0
1389,2548,5,4,1
1305,8790,9,2,7
1224,5237,13,3,10
1303,1669,9,9,0
1030,2321,3,0,3
1301,1644,3,1,2
1399,4475,13,3,10
1450,2867,8,8,0
1269,1651,16,2,14
1348,2114,7,7,0
1185,3808,17,5,12
1443,2567,15,7,8
1281,4975,16,2,14
1071,10594,18,11,7
1124,1984,12,12,0
1354,4984,56,9,47
1105,3371,6,2,4
1121,615,1,1,0
1289,2223,13,10,3
1360,4996,14,10,4
1339,3762,4,4,0
1345,2159,4,3,1
1308,2842,2,2,0
1288,4352,17,10,7
1033,2558,66,15,51
1379,1363,3,2,1
1435,4940,13,10,3
1264,1968,2,2,0
1266,2150,2,2,0
1166,3194,12,10,2
1027,4207,3,3,0
1283,2533,56,14,42
1320,2064,8,5,3
1291,2471,3,3,0
1365,2794,3,3,0
1127,2340,3,3,0
1383,2591,5,5,0
1005,3198,7,6,1
1076,695,2,2,0
1054,3102,4,4,0
1238,4115,6,6,0
1352,1389,1,1,0
1064,1836,4,2,2
1008,2955,3,3,0
1194,2983,5,4,1
1093,2433,12,3,9
1142,3510,12,8,4
1043,4391,6,5,1
1089,4350,11,9,2
1376,14852,14,6,8
1457,2467,9,8,1
1444,1661,5,4,1
1249,3706,20,8,12
1188,1714,1,1,0
1109,3696,10,6,4
1202,2324,23,13,10
1163,1958,9,9,0
1092,2914,4,4,0
1325,2890,3,3,0
1263,3174,14,11,3
1285,6763,5,3,2
1314,2316,3,3,0
1210,3181,8,1,7
1152,1961,5,5,0
1206,1418,2,2,0
1034,2066,17,6,11
1140,2214,6,6,0
1451,2054,22,16,6
1082,2059,2,2,0
1313,5557,34,14,20
1103,4553,7,4,3
1371,3342,4,3,1
1378,3242,8,8,0
1262,2849,28,9,19
1304,1549,7,6,1
1138,2128,5,4,1
1134,2481,1,1,0
1232,1578,1,1,0
1388,1520,1,1,0
1343,4447,14,8,6
1179,2710,3,3,0
1010,2469,3,2,1
1390,2484,2,2,0
1422,2235,5,4,1
1405,1886,3,2,1
1423,4105,2,2,0
1058,2069,11,10,1
1012,2673,2,2,0
1155,1280,1,1,0
1416,2193,2,2,0
1247,1939,6,0,6
1434,2065,2,2,0
1299,4458,1,1,0
1060,3845,3,1,2
1243,4321,6,6,0
1275,10226,10,5,5
1199,1737,8,8,0
1156,3469,1,1,0
1439,2424,1,1,0
1284,2652,2,2,0
1098,2128,2,2,0
1367,2948,4,4,0
1276,2964,3,3,0
1227,1728,3,3,0
1403,2908,7,7,0
1039,1750,1,1,0
1115,2207,6,4,2
1254,5918,9,3,6
1016,858,2,2,0
1153,4903,8,6,2
1014,2035,10,3,7
1391,1811,2,2,0
1031,2916,11,2,9
1065,3311,3,3,0
1250,2155,4,4,0
1181,2256,4,3,1
1306,1673,8,2,6
1272,2284,4,3,1
1061,2151,3,3,0
1022,2166,3,2,1
1407,5449,10,5,5
1317,1549,2,2,0
1356,2727,2,2,0
1102,1096,1,1,0
1401,4655,5,2,3
1149,1967,2,2,0
1151,3988,1,1,0
1426,2151,7,7,0
1436,4296,1,1,0
1135,4913,3,2,1
1001,2208,1,1,0
1190,911,1,1,0
1319,2095,1,1,0
1248,2466,5,3,2
1139,1896,3,3,0
1410,1299,1,1,0
1338,2000,4,4,0
1133,2022,2,2,0
1427,3003,16,11,5
1448,2392,2,0,2
1183,2102,3,1,2
1370,2542,8,0,8
1363,2277,1,1,0
1118,2727,3,2,1
1216,5416,3,3,0
1123,1393,3,3,0
1015,1421,1,1,0
1239,1785,2,2,0
1294,3809,10,10,0
1290,3102,3,3,0
1452,1119,6,3,3
1187,2382,7,4,3
1159,1914,4,4,0
1430,3045,3,3,0
1158,2823,4,4,0
1374,2686,8,8,0
1072,2599,3,3,0
1373,359,1,1,0
1148,2328,7,4,3
1193,2267,2,2,0
1246,2736,6,6,0
1104,1539,3,3,0
1213,1971,2,1,1
1258,3140,3,3,0
1047,3557,4,3,1
1088,4028,3,3,0
1196,1445,2,2,0
1125,1560,3,2,1
1024,1661,5,2,3
1429,2219,2,2,0
1113,2250,2,2,0
1297,3255,2,2,0
1240,1944,4,4,0
1021,2948,3,3,0
1433,1250,2,2,0
1083,3047,2,2,0
1192,1908,5,4,1
1017,1713,4,4,0
1075,2115,5,3,2
1219,1190,1,1,0
1044,2521,5,2,3
1353,2864,1,1,0
1361,2718,3,3,0
1229,2378,4,4,0
1273,1282,3,3,0
1236,1686,4,4,0
1447,2038,3,3,0
1257,2750,1,1,0
1252,2638,2,2,0
1235,1973,2,2,0
1147,1000,1,1,0
1084,1418,5,1,4
1051,571,1,1,0
1446,3379,7,1,6
1420,975,3,0,3
1087,2228,2,2,0
1334,1464,1,1,0
1203,2202,1,1,0
1116,1907,3,3,0
1046,1558,3,3,0
1209,3004,4,4,0
1049,3341,7,6,1
1384,959,4,3,1
1094,2255,4,4,0
1211,2354,3,3,0
1274,1170,2,2,0
1057,3394,1,1,0
1406,2214,1,1,0
1073,1038,5,5,0
1321,1680,2,2,0
1255,1685,4,3,1
1165,3281,4,4,0
1032,3810,2,2,0
1080,2478,2,2,0
1337,2023,2,2,0
1265,2159,15,1,14
1346,3095,2,2,0
1445,1748,5,3,2
1237,1252,1,1,0
1404,4232,2,2,0
1136,2664,2,2,0
1454,2670,1,1,0
1195,2165,3,2,1
1099,3373,3,3,0
1096,2028,2,2,0
1381,2828,3,3,0
1011,4408,6,0,6
1362,1790,1,1,0
1167,2432,4,4,0
1038,2462,3,3,0
1369,1992,2,1,1
1074,1917,5,4,1
1437,1895,1,1,0
1336,1580,4,3,1
1375,2298,1,1,0
1245,3576,2,2,0
1364,1224,1,1,0
1358,1197,2,2,0
1424,3466,2,0,2
1150,2841,3,3,0
1078,5122,3,2,1
1069,2364,2,2,0
1415,1769,1,1,0
1385,3605,1,1,0
1295,3686,1,1,0
1372,496,1,1,0
1408,1585,3,3,0
1169,2983,3,3,0
1184,2058,1,1,0
1171,2928,4,4,0
1107,1947,1,1,0
1397,5540,2,1,1
1380,863,2,2,0
1026,2599,3,3,0
1146,2495,2,2,0
1129,3750,1,1,0
1214,905,1,1,0
1421,1737,2,2,0
1177,2438,1,1,0
1145,2625,1,1,0
1386,2347,4,3,1
1036,1120,3,3,0
1028,3211,1,1,0
1157,2595,2,1,1
1332,2374,1,1,0
1261,2306,1,1,0
1009,2658,3,3,0
1081,1538,1,0,1
1432,1559,1,1,0
1212,1558,2,2,0
1307,3885,2,0,2
1387,2367,2,2,0
1366,3388,1,1,0
1041,3314,1,1,0
1056,357,1,1,0
1368,2194,1,1,0
1175,2498,1,1,0
1267,2754,1,1,0
1233,1400,1,1,0
1318,4025,1,1,0
1425,2198,1,1,0
1067,1860,1,1,0
1335,2750,1,1,0
1002,3225,1,1,0
2408,1848,204,118,86
2411,1279,3,3,0
2315,1598,17,17,0
2405,1028,4,4,0
2299,1566,2,2,0
2798,1692,7,7,0
2468,947,24,24,0
2168,2211,138,77,61
2376,1050,1,1,0
2593,2018,10,10,0
2656,1721,9,9,0
2540,1614,13,13,0
2260,1480,6,6,0
2173,2717,146,103,43
2601,2143,1,1,0
2707,1850,4,4,0
2297,1914,9,9,0
2422,833,7,7,0
2094,1961,2,2,0
2109,1515,3,3,0
2483,1364,2,2,0
2691,2486,543,318,225
2750,1243,6,6,0
2398,1302,3,3,0
2725,787,2,2,0
2093,1057,6,6,0
2458,2169,13,11,2
2188,10363,4,4,0
2230,1463,3,3,0
2159,783,3,3,0
2243,4452,32,20,12
2328,1553,6,6,0
2420,905,10,10,0
2355,1435,4,4,0
2360,1513,15,15,0
2805,2846,23,17,6
2007,914,1,1,0
2381,1638,121,101,20
2524,1582,5,5,0
2684,873,39,39,0
2572,1566,7,7,0
2738,1241,95,93,2
2262,1147,6,6,0
2013,1388,4,4,0
2304,1465,37,24,13
2053,1153,5,5,0
2347,4196,16,16,0
2287,934,3,3,0
2730,1267,6,6,0
2569,531,2,2,0
2095,1095,40,34,6
2445,784,3,3,0
2465,1871,12,12,0
2327,1472,1,1,0
2459,1320,3,3,0
2785,699,8,8,0
2389,1287,4,4,0
2575,1410,24,17,7
2322,959,5,5,0
2040,356,2,2,0
2498,1129,8,8,0
2074,852,6,6,0
2457,1022,5,5,0
2337,780,1,1,0
2831,862,6,6,0
2141,1987,18,8,10
2506,3809,5,5,0
2031,1763,8,7,1
2497,2407,13,13,0
2172,1887,7,7,0
2722,3076,214,82,132
2195,1558,9,9,0
2379,958,5,5,0
2028,1273,19,19,0
2782,1346,1,1,0
2187,1830,9,9,0
2245,2612,15,14,1
2403,855,7,7,0
2037,1322,11,11,0
2128,1610,11,11,0
2613,1422,12,6,6
2150,1758,2,2,0
2546,1304,5,5,0
2384,602,2,2,0
2757,967,4,4,0
2061,263,3,3,0
2427,583,1,1,0
2059,1146,26,25,1
2295,1288,6,6,0
2745,1364,1,1,0
2157,1587,6,6,0
2169,786,2,2,0
2449,1262,2,2,0
2167,1306,9,8,1
2755,1902,6,6,0
2361,1405,46,38,8
2008,1465,4,4,0
2228,940,3,3,0
2255,800,4,4,0
2064,2835,42,37,5
2544,1273,6,6,0
2810,2719,72,32,40
2134,1037,12,12,0
2680,1315,23,23,0
2648,792,9,9,0
2340,1311,36,35,1
2549,14861,13,4,9
2813,1431,2,2,0
2101,1359,6,6,0
2319,1764,3,3,0
2311,1211,3,3,0
2741,727,8,8,0
2303,2131,14,14,0
2783,970,4,4,0
2298,733,12,12,0
2334,1027,13,12,1
2249,1114,2,2,0
2051,1392,4,4,0
2555,2901,17,12,5
2804,2091,2,2,0
2834,1826,4,4,0
2795,2372,23,16,7
2179,1267,12,12,0
2313,1125,3,3,0
2305,1485,28,24,4
2432,1314,3,3,0
2794,2236,5,5,0
2382,1652,18,18,0
2672,1553,4,4,0
2057,932,10,10,0
2734,2772,3,3,0
2580,1305,9,9,0
2558,2841,21,21,0
2758,1977,35,34,1
2704,1335,3,3,0
2126,905,7,7,0
2448,806,2,2,0
2388,577,5,5,0
2211,1194,7,7,0
2083,1223,5,5,0
2366,479,4,4,0
2321,573,4,4,0
2670,1307,4,4,0
2476,895,6,6,0
2035,756,1,1,0
2495,1101,4,4,0
2599,1277,2,2,0
2618,697,4,4,0
2220,3347,13,13,0
2701,1561,7,7,0
2292,1897,10,10,0
2185,2492,4,4,0
2065,1002,3,3,0
2039,391,1,1,0
2429,1541,2,2,0
2387,1627,15,13,2
2716,1056,3,3,0
2336,1278,12,12,0
2103,1057,16,16,0
2766,1614,2,2,0
2174,1056,7,7,0
2009,1338,7,7,0
2352,871,3,3,0
2163,2959,21,14,7
2346,1147,1,1,0
2050,980,4,4,0
2668,743,7,7,0
2491,658,3,3,0
2820,1522,11,11,0
2238,1093,14,13,1
2817,1027,2,2,0
2450,1232,10,10,0
2186,1807,9,9,0
2133,582,5,5,0
2643,1872,7,7,0
2237,1062,7,7,0
2780,1495,14,13,1
2124,1736,6,6,0
2371,1219,7,7,0
2203,1005,10,10,0
2162,1213,3,3,0
2637,489,2,2,0
2241,1247,2,2,0
2543,2007,26,21,5
2112,1149,3,3,0
2431,1494,5,5,0
2142,2138,3,3,0
2213,3276,6,3,3
2683,1115,3,3,0
2697,528,2,2,0
2231,3098,8,8,0
2788,1316,8,8,0
2521,1722,22,19,3
2410,1796,7,7,0
2070,1103,5,5,0
2058,1163,8,8,0
2677,1436,4,4,0
2145,1461,3,3,0
2330,1779,6,6,0
2338,1594,1,1,0
2239,1723,10,10,0
2056,1764,2,2,0
2290,1744,13,13,0
2777,750,1,1,0
2362,928,4,4,0
2673,772,7,7,0
2477,1716,10,9,1
2041,1230,9,9,0
2318,2375,12,10,2
2029,800,3,3,0
2679,1684,1,1,0
2719,1181,11,11,0
2201,4521,7,7,0
2372,1900,6,6,0
2658,1461,3,3,0
2689,1733,1,1,0
2209,989,8,8,0
2154,2041,3,3,0
2412,473,1,1,0
2608,666,5,5,0
2504,1056,11,11,0
2737,294,1,1,0
2502,768,13,13,0
2606,1323,3,3,0
2111,1367,3,3,0
2044,2028,4,4,0
2217,1363,9,9,0
2778,1056,2,2,0
2624,424,6,6,0
2711,1071,3,3,0
2720,1464,22,18,4
2137,1279,2,2,0
2399,1007,4,4,0
2073,2101,3,3,0
2374,1036,12,6,6
2541,1137,4,4,0
2596,2025,6,6,0
2714,2013,7,6,1
2821,1182,4,4,0
2306,955,9,9,0
2307,1946,25,20,5
2655,1157,2,2,0
2223,1333,1,1,0
2816,1439,8,8,0
2089,1849,9,9,0
2100,840,2,2,0
2712,1315,2,2,0
2455,1100,3,3,0
2665,1330,3,3,0
2018,1349,16,15,1
2824,2328,1,1,0
2818,1965,9,8,1
2317,729,2,2,0
2413,1820,3,3,0
2003,1458,7,7,0
2439,1323,9,8,1
2807,1015,3,3,0
2605,1203,3,3,0
2765,1195,1,1,0
2826,810,4,4,0
2180,1828,5,5,0
2559,858,3,3,0
2353,710,3,3,0
2564,1702,4,4,0
2166,1911,5,5,0
2488,879,3,3,0
2762,1964,1,1,0
2326,2194,8,8,0
2160,518,3,3,0
2280,1836,1,1,0
2022,1379,8,8,0
2323,598,1,1,0
2796,1796,1,1,0
2081,887,3,3,0
2049,1669,9,9,0
2176,1338,4,4,0
2264,478,7,7,0
2511,1365,1,1,0
2358,509,2,2,0
2710,1666,5,5,0
2554,2169,6,6,0
2308,1521,3,3,0
2687,2009,4,4,0
2815,1295,3,3,0
2193,1630,2,2,0
2158,1457,5,5,0
2106,1546,3,3,0
2077,1067,6,5,1
2316,1811,4,4,0
2020,955,7,7,0
2190,1390,2,2,0
2602,1345,9,9,0
2175,2088,1,1,0
2181,393,2,2,0
2232,1944,5,5,0
2258,1316,3,3,0
2666,615,8,8,0
2769,1995,6,4,2
2520,1484,4,4,0
2775,2256,4,4,0
2219,1273,2,2,0
2165,1797,14,9,5
2548,658,3,3,0
2703,1254,10,10,0
2833,1339,7,7,0
2819,385,1,1,0
2452,1077,5,5,0
2639,1753,1,1,0
2088,1974,4,4,0
2487,2197,4,4,0
2507,1438,2,2,0
2748,1609,7,7,0
2079,1142,2,2,0
2302,5102,9,8,1
2383,1598,9,8,1
2505,1278,1,1,0
2135,838,7,6,1
2812,1746,3,3,0
2584,912,4,4,0
2197,652,4,4,0
2284,756,3,3,0
2002,1279,6,6,0
2671,1055,1,1,0
2461,1059,5,5,0
2017,1147,2,2,0
2430,2622,7,7,0
2503,970,2,2,0
2490,1317,2,2,0
2693,1274,1,1,0
2257,1817,5,5,0
2072,1783,2,2,0
2830,1053,2,2,0
2787,1661,2,2,0
2339,1984,3,3,0
2226,3935,21,15,6
2525,1481,5,5,0
2481,1292,6,6,0
2514,1728,9,9,0
2242,1027,8,8,0
2433,492,4,4,0
2742,1222,2,2,0
2494,1513,1,1,0
2789,1473,13,10,3
2063,1602,2,2,0
2085,1904,2,2,0
2615,1586,2,2,0
2060,1048,2,2,0
2155,330,2,2,0
2240,1013,2,2,0
2625,694,3,3,0
2071,2107,6,6,0
2006,334,2,2,0
2054,2129,3,3,0
2686,1354,1,1,0
2359,1431,10,9,1
2418,1541,3,3,0
2563,983,1,1,0
2409,1104,2,2,0
2675,547,4,4,0
2802,1040,1,1,0
2215,1622,7,7,0
2721,1437,7,7,0
2108,1576,5,5,0
2005,2110,2,2,0
2023,2169,4,4,0
2119,1065,4,4,0
2011,2136,3,3,0
2776,1335,6,6,0
2756,1373,3,3,0
2279,2269,5,5,0
2152,724,2,2,0
2629,2120,2,2,0
2177,1898,2,2,0
2474,1071,2,2,0
2288,873,6,6,0
2419,635,3,3,0
2638,814,2,2,0
2110,1581,14,14,0
2286,851,8,8,0
2046,2605,2,2,0
2781,2068,3,3,0
2329,1529,3,3,0
2253,1797,2,2,0
2114,2720,11,11,0
2048,1306,1,1,0
2131,2060,13,13,0
2727,1155,1,1,0
2221,1974,3,3,0
2717,1442,8,8,0
2391,584,6,6,0
2674,806,3,3,0
2099,1400,1,1,0
2767,1791,4,4,0
2528,1321,1,1,0
2753,1301,2,2,0
2069,922,2,2,0
2001,900,3,3,0
2636,878,3,3,0
2390,933,2,2,0
2485,1386,2,2,0
2291,572,3,3,0
2592,1211,2,2,0
2469,739,6,6,0
2645,1176,2,2,0
2590,2116,3,3,0
2199,1412,7,7,0
2345,2500,4,4,0
2229,1104,1,1,0
2832,1659,4,4,0
2532,1385,8,8,0
2779,726,1,1,0
2667,1779,2,2,0
2282,1002,3,3,0
2127,1143,1,1,0
2631,1564,3,3,0
2567,620,2,2,0
2822,1556,4,4,0
2164,1782,7,7,0
2617,1019,5,5,0
2086,1381,3,3,0
2553,203,1,1,0
2208,1378,2,2,0
2351,2214,1,1,0
2266,2330,3,3,0
2699,1373,2,2,0
2341,569,3,3,0
2246,1021,3,3,0
2153,1267,7,7,0
2827,576,2,2,0
2426,1139,2,2,0
2118,2506,2,2,0
2140,1747,5,5,0
2484,1234,5,5,0
2574,1111,19,7,12
2682,1700,2,2,0
2566,1367,6,6,0
2539,1775,2,2,0
2736,1370,5,5,0
2560,1300,1,1,0
2581,1447,2,2,0
2650,709,3,3,0
2519,1095,2,2,0
2364,1725,4,4,0
2397,1215,4,4,0
2183,912,3,3,0
2653,1983,2,2,0
2808,522,1,1,0
2585,1203,2,2,0
2216,1643,2,2,0
2800,968,4,4,0
2277,4522,4,4,0
2500,1122,2,2,0
2610,2734,6,6,0
2423,1428,2,2,0
2261,466,3,3,0
2320,1194,3,3,0
2801,638,5,5,0
2407,1296,1,1,0
2267,1005,5,5,0
2385,566,1,1,0
2375,818,1,1,0
2386,376,3,3,0
2252,288,1,1,0
2212,5212,4,4,0
2790,969,1,1,0
2529,205,1,1,0
2192,1562,4,4,0
2620,2731,5,5,0
2312,986,6,6,0
2614,1222,1,1,0
2535,867,1,1,0
2256,877,1,1,0
2803,1154,4,4,0
2270,1184,3,3,0
2259,1797,2,2,0
2709,543,2,2,0
2098,1207,3,2,1
2530,1445,4,4,0
2016,1513,1,1,0
2392,1193,1,1,0
2293,841,2,2,0
2268,1761,4,4,0
2662,750,1,1,0
2676,1348,9,9,0
2218,929,4,4,0
2562,978,2,2,0
2743,532,1,1,0
2634,1042,1,1,0
2480,1188,2,2,0
2571,1333,1,1,0
2663,1707,5,5,0
2096,680,2,2,0
2273,1917,3,3,0
2363,481,2,2,0
2414,619,1,1,0
2281,2057,3,3,0
2214,1469,2,2,0
2706,1513,5,5,0
2025,2761,2,2,0
2156,675,2,2,0
2296,1477,4,4,0
2467,286,1,1,0
2274,1727,1,1,0
2478,1262,2,2,0
2462,1751,3,3,0
2512,2525,2,2,0
2417,235,1,1,0
2659,1570,1,1,0
2368,1952,3,3,0
2091,3381,4,4,0
2640,1027,1,1,0
2356,1701,2,2,0
2225,2222,2,2,0
2271,1940,1,1,0
2084,1317,1,1,0
2396,1393,2,2,0
2604,700,1,1,0
2773,1398,1,1,0
2621,1032,1,1,0
2250,1452,2,2,0
2651,880,2,2,0
2770,2445,4,4,0
2424,1556,2,2,0
2024,738,1,1,0
2749,1157,5,3,2
2561,1472,3,3,0
2233,916,3,3,0
2210,1654,5,5,0
2573,2657,1,1,0
2294,2346,1,1,0
2517,927,1,1,0
2551,178,2,2,0
2784,1245,3,3,0
2702,1552,4,4,0
2067,928,1,1,0
2107,759,1,1,0
2470,900,1,1,0
2598,2400,4,4,0
2236,1137,5,5,0
2642,106,1,1,0
2708,1170,1,1,0
2189,1154,1,1,0
2097,570,2,2,0
2463,510,2,2,0
2486,1746,1,1,0
2138,1736,4,4,0
2453,1211,1,1,0
2799,1493,2,2,0
2793,1500,1,1,0
2570,827,2,2,0
2027,669,1,1,0
2265,778,5,5,0
2205,707,1,1,0
2191,1904,1,1,0
2441,1814,1,1,0
2460,1155,2,2,0
2664,1351,1,1,0
2269,1852,3,3,0
2661,1429,3,3,0
2607,2220,1,1,0
2207,5043,3,3,0
2744,1719,2,2,0
2705,1218,1,1,0
2791,1452,2,2,0
2612,3050,3,3,0
2120,1655,1,1,0
2576,1876,1,1,0
2406,1747,2,2,0
2275,700,1,1,0
2772,432,1,1,0
2644,1304,3,3,0
2510,1367,2,2,0
2443,1209,4,4,0
2565,1926,2,2,0
2740,1242,2,2,0
2182,658,1,1,0
2493,1662,1,1,0
2425,90,1,1,0
2768,2277,2,2,0
2451,833,1,1,0
2739,1955,3,3,0
2014,674,1,1,0
2123,1564,2,2,0
2454,750,1,1,0
2198,1666,2,2,0
2595,1188,1,1,0
2078,1500,1,1,0
2472,1725,2,2,0
2635,1039,1,1,0
2568,1580,1,1,0
2464,4722,1,0,1
2148,652,2,2,0
2184,1160,3,3,0
2583,1705,1,1,0
2151,1603,1,1,0
2509,361,1,1,0
2254,1790,2,2,0
2416,618,1,1,0
2492,735,1,1,0
2377,381,2,2,0
2121,1476,1,1,0
2012,1804,1,1,0
2582,2120,1,1,0
2395,1364,1,1,0
2729,2490,1,1,0
2042,462,1,1,0
2828,1867,1,1,0
2400,1233,1,1,0
2032,1630,1,1,0
2015,850,2,2,0
2527,1491,2,2,0
2754,1200,1,1,0
2652,425,1,1,0
2332,1397,2,2,0
2102,1276,2,2,0
2309,1609,1,1,0
2104,1091,1,1,0
2415,1782,1,1,0
2518,1449,1,1,0
2438,1083,2,2,0
2591,1309,2,2,0
3008,1252,3,3,0
3310,4053,354,58,296
3113,855,5,5,0
3063,1447,15,15,0
3226,898,4,4,0
3030,1845,3,3,0
3138,1198,30,24,6
3095,1903,91,38,53
3235,588,7,7,0
3118,2006,49,30,19
3304,2136,23,23,0
3264,1731,17,17,0
3254,1531,37,28,9
3090,2159,1,1,0
3073,1306,4,4,0
3023,2382,42,27,15
3198,866,4,4,0
3066,2206,7,7,0
3055,1158,4,4,0
3062,1158,2,2,0
3157,8925,8,8,0
3236,1288,23,21,2
3185,1951,303,100,203
3321,1550,55,35,20
3189,119,2,2,0
3115,1548,5,5,0
3232,1992,4,4,0
3221,2981,14,14,0
3098,1302,15,11,4
3006,645,8,8,0
3205,1500,7,7,0
3242,973,4,4,0
3029,1545,2,2,0
3281,1520,13,13,0
3111,1797,12,12,0
3101,1438,55,44,11
3314,1563,8,8,0
3197,1272,7,7,0
3007,687,2,2,0
3195,1659,20,11,9
3028,1014,3,3,0
3178,760,9,9,0
3190,2336,129,35,94
3257,1097,7,7,0
3087,945,8,6,2
3036,1196,20,20,0
3071,888,3,3,0
3290,1274,2,2,0
3013,5082,15,7,8
3249,1096,2,2,0
3080,1496,3,3,0
3301,1629,10,10,0
3151,792,4,4,0
3136,699,2,2,0
3022,1448,11,9,2
3297,1556,10,10,0
3046,788,5,5,0
3292,1415,4,4,0
3240,1360,9,9,0
3181,1748,5,5,0
3275,1440,14,13,1
3012,1206,3,3,0
3193,894,3,3,0
3155,1126,19,13,6
3048,1311,15,12,3
3103,868,6,6,0
3140,1377,6,6,0
3077,512,2,2,0
3210,1417,2,2,0
3211,1224,16,16,0
3288,689,4,4,0
3267,1098,3,3,0
3298,1058,24,15,9
3215,1653,4,4,0
3082,1644,24,11,13
3186,1052,11,8,3
3084,1410,13,11,2
3139,244,4,4,0
3106,1078,10,10,0
3104,1256,10,10,0
3227,1270,6,6,0
3305,1061,3,3,0
3086,610,6,6,0
3262,3661,11,11,0
3053,1200,16,16,0
3061,2097,2,2,0
3258,2043,9,9,0
3112,1113,2,2,0
3219,2209,7,7,0
3094,1653,19,18,1
3021,1890,2,2,0
3042,1031,3,3,0
3300,1064,6,6,0
3255,686,3,3,0
3176,2012,4,4,0
3311,633,4,4,0
3009,1403,2,2,0
3225,854,4,4,0
3072,953,7,7,0
3291,688,4,4,0
3170,1190,4,2,2
3065,2238,7,7,0
3081,324,2,2,0
3168,12553,7,7,0
3252,1407,9,9,0
3126,1383,4,4,0
3093,1627,9,9,0
3248,586,7,7,0
3212,1304,10,10,0
3165,789,13,8,5
3286,1704,5,5,0
3246,1562,6,6,0
3119,631,3,3,0
3130,1132,4,4,0
3128,870,11,11,0
3282,1149,4,4,0
3177,1134,3,3,0
3125,1313,5,5,0
3120,1021,5,5,0
3034,1453,6,6,0
3218,1880,1,1,0
3018,1223,5,5,0
3202,686,5,5,0
3089,712,2,2,0
3167,831,5,5,0
3019,537,5,5,0
3039,1129,2,2,0
3145,1218,2,2,0
3108,2714,8,8,0
3251,985,4,4,0
3064,1281,3,3,0
3131,1825,6,5,1
3015,785,1,1,0
3091,658,1,1,0
3121,1058,3,3,0
3107,552,5,4,1
3206,1326,3,3,0
3166,791,3,3,0
3224,313,2,2,0
3203,1191,5,5,0
3317,413,4,2,2
3052,951,6,6,0
3161,1861,3,3,0
3102,3955,38,31,7
3313,1842,1,1,0
3289,864,6,6,0
3152,1776,2,2,0
3060,2020,4,4,0
3283,657,5,5,0
3162,741,1,1,0
3173,1177,6,2,4
3092,1070,6,6,0
3117,118,1,1,0
3027,1222,14,14,0
3049,2153,4,4,0
3127,708,5,5,0
3135,1262,2,2,0
3040,1641,8,8,0
3237,1154,8,8,0
3032,287,4,4,0
3001,1775,7,7,0
3132,625,3,3,0
3261,427,1,1,0
3306,2535,12,10,2
3044,1443,10,10,0
3187,947,1,1,0
3003,1195,10,10,0
3100,893,15,15,0
3208,1271,5,5,0
3191,1957,3,3,0
3265,669,2,2,0
3149,954,4,4,0
3320,625,6,6,0
3238,987,4,4,0
3207,1180,6,6,0
3024,1254,4,4,0
3069,620,1,1,0
3223,843,3,3,0
3143,101,1,1,0
3010,931,4,4,0
3037,633,2,2,0
3026,770,1,1,0
3159,1087,3,3,0
3316,789,3,3,0
3045,1481,8,8,0
3268,1075,4,4,0
3319,1204,1,1,0
3315,627,2,2,0
3156,1823,10,8,2
3035,987,2,2,0
3229,1515,6,4,2
3020,1944,6,6,0
3204,1072,6,6,0
3158,516,1,1,0
3259,510,2,2,0
3079,485,2,2,0
3213,1079,3,3,0
3278,1756,2,2,0
3196,439,3,2,1
3129,519,2,2,0
3078,2534,1,1,0
3216,725,1,1,0
3043,1443,9,9,0
3164,1746,1,1,0
3274,1794,8,8,0
3067,795,1,1,0
3147,964,3,3,0
3179,928,6,6,0
3142,740,3,3,0
3074,1375,2,2,0
3296,1743,3,3,0
3200,2346,2,2,0
3068,500,1,1,0
3234,2057,1,1,0
3051,347,1,1,0
3088,1026,2,2,0
3083,696,4,4,0
3169,2900,3,3,0
3230,522,1,1,0
3247,1135,1,1,0
3146,1603,1,1,0
3109,4082,6,6,0
3279,1019,3,3,0
3256,1852,2,2,0
3285,1533,2,2,0
3182,765,2,2,0
3192,787,3,3,0
3005,438,1,1,0
3194,1136,1,1,0
3303,764,2,2,0
3220,3703,6,6,0
3160,2288,2,2,0
3134,1364,1,1,0
3308,652,1,1,0
3105,700,7,2,5
3056,262,1,1,0
3309,659,2,2,0
3280,429,1,1,0
3133,938,3,3,0
3188,1667,2,2,0
3110,1979,4,4,0
3163,1921,5,2,3
3141,184,1,1,0
3241,750,1,1,0
3217,1558,3,3,0
3250,1749,1,1,0
3201,1200,1,1,0
3272,469,1,1,0
3271,1282,4,4,0
3180,871,1,1,0
3075,1281,2,2,0
3025,1563,3,3,0
3277,1900,2,2,0
3050,2020,1,1,0
3260,643,1,1,0
3184,2333,1,1,0
3239,667,1,1,0
3284,1206,1,1,0
3222,500,1,1,0
3016,953,2,2,0
3099,318,1,1,0
3114,107,1,0,1
3124,1167,2,2,0
3266,1336,1,1,0
4244,1806,4,3,1
4226,3904,13,1,12
4006,2657,28,1,27
4230,1712,3,3,0
4203,1173,1,0,1
4222,2838,1,1,0
4070,2157,33,6,27
4042,833,1,1,0
4152,3134,10,10,0
4033,8478,4,0,4
4019,2355,10,1,9
4049,2389,8,3,5
4053,466,3,3,0
4143,3252,7,6,1
4096,2103,5,2,3
4112,3363,34,8,26
4018,2149,2,2,0
4073,1859,6,0,6
4061,1435,1,0,1
4088,5238,3,1,2
4094,3677,19,1,18
4161,2571,2,1,1
4205,2079,5,3,2
4126,1968,8,5,3
4229,2864,1,1,0
4116,2317,5,3,2
4108,1788,2,1,1
4242,11484,5,5,0
4066,2845,1,1,0
4160,4575,7,4,3
4197,2499,8,5,3
4237,1211,1,0,1
4178,2326,7,6,1
4208,5811,4,0,4
4036,1160,1,1,0
4106,2906,1,1,0
4084,2434,3,3,0
4034,2493,2,2,0
4188,3408,1,1,0
4166,1652,3,0,3
4005,2143,1,1,0
4051,4394,1,1,0
4079,2480,2,2,0
4245,2986,2,2,0
4109,2500,1,1,0
4065,1208,2,0,2
4209,1899,5,0,5
4134,1253,3,2,1
4240,1458,1,1,0
4032,3611,1,1,0
4039,662,3,3,0
4025,2326,4,1,3
4097,1111,1,1,0
4175,6100,2,2,0
4145,2610,2,2,0
4149,1920,4,4,0
4135,7712,4,0,4
4023,1489,1,1,0
4004,2693,2,2,0
4182,1703,2,1,1
4013,962,1,1,0
4035,1466,3,2,1
4008,1319,1,1,0
4092,947,1,1,0
4123,1507,1,1,0
4195,2105,1,0,1
4031,1854,1,1,0
4176,3677,1,1,0
4081,4687,2,2,0
4121,2080,2,2,0
5179,1684,7,4,3
5139,2650,19,1,18
5153,2534,4,0,4
5072,1591,1,0,1
5046,3500,24,4,20
5023,3745,26,0,26
5087,938,2,2,0
5107,6545,4,1,3
5101,5187,2,0,2
5149,2153,4,1,3
5177,4100,12,1,11
5151,4781,3,1,2
5133,4632,17,2,15
5061,2579,41,11,30
5085,4838,23,0,23
5132,2984,7,1,6
5093,2673,6,1,5
5004,2955,8,0,8
5054,1673,2,2,0
5077,3623,6,4,2
5095,907,1,1,0
5161,7153,8,1,7
5029,3193,6,2,4
5040,2919,3,1,2
5006,1852,1,0,1
5098,2651,16,0,16
5070,2845,5,1,4
5142,1111,1,1,0
5148,2010,2,1,1
5108,3637,1,1,0
5081,4061,1,1,0
5038,4003,4,0,4
5011,1946,1,1,0
5036,3509,3,2,1
5104,3996,2,0,2
5075,2513,2,2,0
5115,2340,1,1,0
5166,1652,2,2,0
5118,1600,4,3,1
5157,2685,1,0,1
5012,3515,3,0,3
5045,3533,3,3,0
5110,2465,6,0,6
5090,1894,1,1,0
5063,3100,2,0,2
5114,1268,1,0,1
5059,2491,1,1,0
5096,2090,8,0,8
5079,3234,5,1,4
5119,3858,6,0,6
5017,2882,1,1,0
5174,10,2,0,2
5184,2083,1,1,0
5065,1423,4,1,3
5156,3397,3,2,1
5162,3650,1,1,0
5145,1732,2,0,2
5106,3615,3,1,2
5126,1333,1,1,0
5053,146,1,1,0
5170,2125,2,1,1
5039,1863,2,1,1
5183,6309,3,0,3
5173,2474,1,1,0
5128,100,2,2,0
5019,469,1,1,0
5140,2787,1,1,0
5109,1054,3,0,3
5060,1835,1,1,0
5003,1737,2,1,1
5055,1000,1,1,0
5058,6498,2,0,2
5178,2241,1,1,0
5164,3292,2,1,1
5172,1579,1,1,0
5010,1701,2,2,0
5037,3952,2,2,0
5001,2192,4,1,3
5052,1645,1,1,0
5136,4277,2,2,0
5163,2424,1,1,0
5071,5806,2,2,0
5171,1352,1,1,0
6088,8249,5496,235,5261
6104,8112,360,46,314
6083,6070,675,37,638
6127,3186,70,19,51
6011,18201,128,14,114
6153,2595,38,17,21
6012,17265,224,10,214
6136,3999,80,42,38
6016,6036,28,6,22
6115,1430,4,3,1
6032,13028,60,13,47
6120,4973,60,6,54
6159,11550,165,28,137
6150,6562,53,28,25
6163,1784,16,1,15
6077,2637,22,14,8
6048,5164,53,27,26
6075,3872,53,37,16
6071,3839,18,1,17
6023,2615,44,12,32
6059,14039,48,27,21
6031,8896,9,9,0
6135,3133,5,5,0
6060,7311,11,8,3
6149,3897,66,22,44
6073,4114,63,2,61
6114,3784,33,4,29
6042,2281,6,5,1
6162,2262,14,2,12
6121,95078,73,39,34
6103,5244,28,3,25
6146,2500,1,1,0
6021,2437,3,2,1
6057,2856,21,9,12
6151,5034,11,5,6
6099,1712,15,3,12
6158,1739,9,4,5
6055,2694,3,3,0
6125,1929,6,5,1
6100,2500,1,1,0
6066,1580,46,20,26
6013,2780,27,14,13
6006,4388,29,21,8
6035,4732,15,7,8
6062,1829,4,2,2
6005,1500,1,0,1
6091,6043,35,26,9
6019,4367,21,10,11
6015,2766,15,9,6
6113,4487,13,6,7
6097,3100,5,5,0
6102,1246,2,1,1
6046,7074,36,21,15
6147,4563,28,21,7
6092,4012,6,4,2
6132,2072,13,8,5
6106,3063,6,5,1
6014,3612,12,6,6
6067,5069,13,4,9
6043,7199,19,14,5
6086,1469,5,0,5
6054,4293,24,11,13
6078,2172,6,6,0
6094,4415,35,2,33
6093,2946,4,4,0
6020,1664,10,6,4
6124,2453,2,2,0
6051,1151,7,1,6
6034,9356,9,7,2
6036,3731,4,2,2
6126,4595,8,1,7
6098,2700,2,2,0
6117,5042,4,2,2
6110,2201,4,2,2
6141,2863,2,2,0
6129,1910,3,1,2
6144,2771,8,6,2
6039,5948,7,6,1
6074,3251,24,14,10
6156,4999,8,3,5
6143,1672,6,2,4
6139,2030,1,0,1
6082,3224,2,2,0
6109,3391,4,3,1
6142,2817,2,1,1
6101,2657,1,1,0
6080,1638,1,1,0
6119,1936,2,1,1
6053,1667,1,0,1
6009,1023,3,1,2
6030,4745,496,56,440
6004,7519,1102,127,975
6155,15519,381,59,322
6029,10909,1369,91,1278
6085,7332,240,138,102
6105,7388,107,101,6
6130,4637,41,33,8
6069,4819,495,173,322
6161,5713,230,38,192
6123,5842,301,30,271
6018,6942,63,36,27
6079,9606,429,87,342
6044,10630,67,42,25
6027,5048,497,87,410
6007,5800,23,18,5
6138,9735,81,27,54
6128,6970,59,43,16
6118,3895,47,40,7
6068,4937,4,1,3
6003,1465,9,2,7
6033,18071,84,25,59
6070,1371,20,4,16
6152,7834,103,66,37
6157,7351,233,102,131
6084,6432,77,48,29
6038,9645,51,43,8
6108,5113,36,22,14
6140,4450,28,28,0
6090,4441,54,34,20
6089,11447,25,20,5
6001,1272,3,1,2
6137,4363,17,14,3
6148,5641,59,51,8
6112,4715,39,34,5
6064,5471,33,15,18
6025,3787,16,7,9
6065,6226,47,40,7
6095,4815,99,66,33
6022,2927,9,8,1
6017,3000,1,1,0
6010,5326,21,14,7
6037,3809,7,6,1
6028,3245,11,11,0
6049,1723,2,2,0
6122,4409,23,17,6
6026,6715,18,16,2
6050,2573,5,5,0
6047,2200,7,5,2
6116,2446,8,8,0
6134,2353,9,9,0
6063,794,2,1,1
6154,2468,7,4,3
6081,3292,5,5,0
6041,1834,2,2,0
6058,2340,7,5,2
6107,3011,1,1,0
6131,500,2,2,0
6024,714,1,0,1
7269,969,2,1,1
7064,1775,6,3,3
7084,1000,1,0,1
7056,3587,1,1,0
7208,2718,1,1,0
7330,3279,19,12,7
7042,1796,25,15,10
7019,2590,35,7,28
7319,1860,17,14,3
7186,2656,23,1,22
7346,2312,7,5,2
7181,2106,1,1,0
7204,2344,10,7,3
7324,2604,24,7,17
7281,2564,9,7,2
7060,2152,3,3,0
7116,1509,4,3,1
7128,1295,5,2,3
7102,2216,22,5,17
7107,1952,4,4,0
7228,1691,1,1,0
7155,2595,6,6,0
7289,2658,1,1,0
7045,2152,3,3,0
7083,3958,1,1,0
7179,2000,1,1,0
7331,2298,7,3,4
7076,1666,5,3,2
7199,4349,2,2,0
7134,767,2,2,0
7239,5415,2,0,2
7010,3306,39,7,32
7124,3171,1,1,0
7243,1017,1,1,0
7201,2056,7,6,1
7117,2391,4,4,0
7254,2450,1,1,0
7210,1132,4,1,3
7334,5077,9,6,3
7008,3869,2,2,0
7231,2452,3,3,0
7068,1766,1,1,0
7191,1904,3,2,1
7297,1701,1,1,0
7027,2879,1,1,0
7240,2456,2,2,0
7078,1620,5,4,1
7022,1759,3,3,0
7072,1847,4,4,0
7349,2212,13,8,5
7207,5220,6,6,0
7245,2279,4,4,0
7193,1991,1,1,0
7138,2786,4,4,0
7341,1414,9,9,0
7282,3699,3,3,0
7291,2000,1,1,0
7316,1648,2,2,0
7232,1623,3,3,0
7280,2127,3,3,0
7313,1464,1,1,0
7129,1170,5,1,4
7079,2993,3,2,1
7184,1871,1,1,0
7050,2677,2,2,0
7097,1087,1,1,0
7031,1083,5,3,2
7106,1419,1,1,0
7268,2203,1,1,0
7327,920,2,1,1
7338,1766,3,0,3
7337,1762,5,5,0
7236,2069,2,2,0
7061,500,1,1,0
7157,1200,5,1,4
7058,1630,1,1,0
7223,6013,2,1,1
7259,9369,2,1,1
7005,2581,2,2,0
7101,6216,11,5,6
7041,2128,1,1,0
7071,985,5,3,2
7026,780,2,2,0
7285,2395,1,1,0
7132,1703,2,2,0
7287,4260,2,2,0
7261,2316,2,2,0
7153,462,1,1,0
7192,380,1,1,0
7029,2479,1,1,0
7264,2262,4,4,0
7070,2704,3,3,0
7197,1957,1,1,0
7013,2811,4,4,0
7225,3139,2,2,0
7158,3864,1,1,0
7258,1908,5,5,0
7066,5380,16,6,10
7077,2864,1,1,0
7090,2142,2,2,0
7295,1358,8,5,3
7110,2696,8,7,1
7183,3251,1,1,0
7224,563,4,0,4
7036,2894,1,1,0
7009,1313,4,4,0
7055,2642,4,4,0
7209,8129,4,4,0
7202,2300,2,1,1
7303,2614,2,2,0
7195,1312,1,1,0
7278,1657,1,1,0
7308,1544,2,2,0
7328,2213,2,1,1
7011,1251,4,3,1
7089,2987,5,5,0
7203,3076,1,1,0
7142,311,1,1,0
7080,2999,2,2,0
7205,4181,5,5,0
7194,3633,1,1,0
7037,3441,3,3,0
7159,14202,3,1,2
7075,836,1,1,0
7103,1146,1,1,0
7096,4821,1,1,0
7345,3167,1,1,0
7312,2783,1,1,0
7274,1159,1,1,0
7343,3061,2,2,0
7248,3029,1,1,0
7172,1850,5,5,0
7178,3586,1,1,0
7305,3163,1,1,0
7034,2354,2,2,0
7136,475,1,0,1
7339,7008,3,3,0
7114,1832,2,2,0
7127,2583,1,1,0
7198,2292,2,2,0
7052,2,1,1,0
7143,3316,3,3,0
7065,847,1,1,0
7048,1835,4,3,1
7167,2059,4,4,0
7188,2056,1,1,0
7298,1167,1,1,0
7294,3012,3,3,0
7152,3417,4,1,3
7007,1103,2,2,0
7348,9564,7,2,5
7002,2208,1,1,0
7145,1500,1,1,0
7215,522,1,1,0
7296,2727,2,2,0
7249,5673,3,0,3
7340,3311,2,2,0
7165,2256,1,1,0
7227,1850,1,1,0
7309,2194,4,1,3
7288,2938,2,2,0
7147,1786,1,1,0
7279,2034,1,1,0
7148,3031,2,2,0
7012,2150,1,1,0
7247,8750,1,0,1
7082,4229,1,1,0
7085,1918,1,1,0
7323,915,1,1,0
7325,1136,2,2,0
7329,2750,1,1,0
7241,2556,2,2,0
7237,4176,4,0,4
7174,1570,1,1,0
7344,2760,1,1,0
7118,474,1,1,0
7121,1093,2,2,0
7126,2200,1,1,0
7216,1884,2,2,0
7166,400,1,1,0
7301,1647,1,1,0
7286,2155,2,2,0
7120,1440,2,2,0
7217,2586,3,3,0
7315,1180,1,1,0
8185,1652,28,17,11
8190,1489,41,29,12
8487,1046,12,12,0
8363,809,52,43,9
8105,2507,333,99,234
8263,1370,9,9,0
8418,1219,4,4,0
8362,2061,34,24,10
8262,1242,3,3,0
8090,2298,24,14,10
8366,1000,8,8,0
8409,2332,191,29,162
8139,863,8,8,0
8491,2624,27,6,21
8003,1416,11,11,0
8395,2143,1,1,0
8053,2905,22,11,11
8173,1733,15,14,1
8081,884,35,31,4
8361,1899,15,12,3
8174,2473,24,17,7
8488,1761,17,15,2
8025,838,12,12,0
8314,1657,3,3,0
8239,1390,2,2,0
8365,415,33,31,2
8166,1589,2,2,0
8328,1045,35,24,11
8028,1127,5,5,0
8179,1139,7,7,0
8191,1519,7,7,0
8480,2977,24,15,9
8420,4259,16,14,2
8408,2303,7,7,0
8403,3873,13,7,6
8416,997,3,3,0
8316,417,4,4,0
8435,1565,6,6,0
8040,1437,7,7,0
8490,1228,28,23,5
8436,1418,4,4,0
8494,5871,12,2,10
8013,761,4,4,0
8251,611,2,2,0
8115,2618,8,6,2
8188,1087,8,8,0
8116,731,7,5,2
8145,1301,20,19,1
8311,1356,18,16,2
8083,792,3,3,0
8107,1483,5,5,0
8186,622,2,2,0
8331,1276,10,10,0
8010,1465,1,1,0
8476,1370,4,4,0
8478,615,2,2,0
8382,1051,1,1,0
8350,377,3,3,0
8222,1358,16,13,3
8318,1546,2,2,0
8399,887,2,2,0
8411,707,2,2,0
8470,336,1,1,0
8497,2002,13,13,0
8291,1424,2,2,0
8281,856,8,8,0
8357,4091,2,0,2
8450,303,1,1,0
8400,971,3,3,0
8486,1456,15,13,2
8198,168,1,1,0
8183,1142,6,6,0
8458,851,3,3,0
8469,1621,5,5,0
8341,670,4,4,0
8175,1286,1,1,0
8340,2149,1,1,0
8422,1041,1,1,0
8445,1010,3,3,0
8216,1460,3,1,2
8354,656,9,9,0
8282,809,8,8,0
8113,880,5,5,0
8327,4676,15,7,8
8076,1213,8,8,0
8429,2345,5,5,0
8430,8894,2,0,2
8287,357,1,1,0
8392,919,1,1,0
8338,1376,2,2,0
8193,515,5,5,0
8271,427,1,1,0
8164,816,4,4,0
8302,1185,9,7,2
8298,1615,10,9,1
8243,1118,1,1,0
8385,1680,9,9,0
8305,900,1,1,0
8428,850,1,1,0
8117,1267,3,3,0
8130,924,5,5,0
8401,670,2,2,0
8367,929,11,9,2
8226,713,3,3,0
8095,378,3,3,0
8485,1786,5,5,0
8419,830,7,7,0
8168,520,2,2,0
8438,627,3,3,0
8206,1118,2,2,0
8101,790,4,4,0
8237,883,6,6,0
8473,853,2,2,0
8084,1828,3,3,0
8180,1627,5,5,0
8346,1739,6,6,0
8057,627,3,3,0
8238,691,3,3,0
8320,880,3,3,0
8052,119,1,1,0
8104,949,2,2,0
8310,694,1,1,0
8045,2100,2,2,0
8199,1272,5,4,1
8276,1385,8,8,0
8376,1894,1,1,0
8404,1848,2,2,0
8349,678,2,2,0
8477,2105,1,1,0
8067,769,5,5,0
8111,1872,4,4,0
8218,892,13,13,0
8037,666,2,2,0
8162,3179,7,7,0
8448,1777,10,8,2
8078,1325,5,5,0
8064,1756,2,2,0
8058,1862,1,1,0
8248,1101,3,3,0
8207,1034,1,1,0
8431,1351,2,2,0
8017,859,2,2,0
8018,552,2,2,0
8254,640,1,1,0
8499,550,4,4,0
8225,1765,2,2,0
8240,1771,2,2,0
8192,495,1,1,0
8264,1243,3,3,0
8275,1362,2,2,0
8293,527,3,3,0
8343,1051,12,12,0
8374,1841,2,2,0
8131,182,1,1,0
8381,1509,6,6,0
8102,1676,3,3,0
8163,2284,2,2,0
8043,1887,10,4,6
8326,2121,6,6,0
8153,1648,1,1,0
8402,1082,3,3,0
8462,916,2,2,0
8245,1107,2,2,0
8077,1034,1,1,0
8319,747,3,3,0
8384,528,2,2,0
8140,1354,2,1,1
8136,757,2,2,0
8456,2863,2,2,0
8214,860,2,2,0
8468,1197,1,1,0
8085,262,3,3,0
8412,281,1,1,0
8121,1313,4,4,0
8135,1303,1,1,0
8483,1789,1,1,0
8449,1378,3,3,0
8055,1045,1,1,0
8437,352,1,1,0
8396,686,3,3,0
8322,1079,2,2,0
8347,1167,1,1,0
8032,1171,1,1,0
8329,1959,4,2,2
8158,2348,1,1,0
8074,682,1,1,0
8194,862,5,5,0
8110,821,2,2,0
8150,595,2,2,0
8353,1980,4,4,0
8069,2300,1,1,0
8001,1598,1,1,0
8321,1164,2,2,0
8457,1690,6,6,0
8211,459,3,3,0
8212,1064,2,2,0
8038,1070,1,1,0
8388,1272,3,3,0
8217,1949,1,1,0
8096,1994,2,2,0
8303,800,1,1,0
8482,1013,1,1,0
8498,1308,3,3,0
8394,380,2,2,0
8027,675,1,1,0
8011,1409,2,2,0
8405,437,3,3,0
8122,1460,5,5,0
8126,921,3,3,0
8189,535,2,2,0
8277,976,1,1,0
8159,1574,1,1,0
8202,1349,2,2,0
8024,1624,1,1,0
8133,1085,1,1,0
8155,3292,2,2,0
8249,593,1,1,0
8333,1669,1,1,0
8228,1136,1,1,0
8247,485,1,1,0
8137,2245,2,2,0
8151,1006,4,4,0
8086,1364,3,3,0
8036,323,1,1,0
8103,959,2,2,0
8142,1241,4,4,0
8503,351,1,1,0
8387,473,1,1,0
8427,2075,1,1,0
8391,758,6,6,0
8255,631,1,1,0
8049,522,4,4,0
8496,705,1,1,0
8284,428,2,2,0
8406,1158,1,1,0
8075,625,1,1,0
8242,1369,2,2,0
8141,1133,2,2,0
8372,738,2,2,0
8296,1023,2,2,0
8195,2250,1,1,0
8379,1595,2,2,0
8119,979,1,1,0
8039,315,3,3,0
8125,1663,3,3,0
8209,1106,1,1,0
8176,505,1,1,0
8260,906,2,2,0
8330,1444,3,3,0
8056,611,2,2,0
8022,1364,1,1,0
8386,1832,1,1,0
8370,1526,1,1,0
8016,347,1,1,0
8355,1606,3,3,0
8235,1483,3,3,0
8466,879,1,1,0
8415,1765,1,1,0
8312,1235,5,3,2
8073,1710,1,1,0
8021,1405,1,1,0
8169,1316,1,1,0
8377,821,1,1,0
8097,700,1,1,0
8481,1480,2,2,0
8289,1071,2,2,0
8070,1667,1,1,0
8044,653,1,1,0
8479,719,1,1,0
8252,100,2,2,0
8315,1471,3,3,0
8278,1327,2,2,0
8425,824,1,1,0
8451,1536,1,1,0
8046,1261,2,2,0
8472,1221,1,1,0
8015,458,1,1,0
8041,154,1,1,0
8123,2312,2,2,0
8344,1879,2,2,0
8339,1277,1,1,0
8373,735,2,2,0
8149,679,1,1,0
8008,2254,2,2,0
8071,267,1,1,0
8413,1533,1,1,0
8274,255,1,1,0
8203,794,2,2,0
8500,669,2,2,0
9057,1921,15,15,0
9100,981,14,9,5
9275,1660,5,5,0
9225,3347,228,109,119
9032,2767,73,12,61
9265,1822,25,21,4
9122,2347,123,52,71
9188,1163,7,7,0
9160,1931,102,53,49
9102,1188,3,3,0
9147,1608,3,3,0
9076,1053,1,1,0
9086,1546,4,4,0
9219,1179,9,9,0
9011,1150,2,2,0
9282,1736,45,38,7
9121,2349,8,6,2
9185,1716,55,35,20
9324,1622,30,22,8
9004,914,2,2,0
9157,1683,26,20,6
9104,1413,5,5,0
9107,1175,5,5,0
9053,1200,1,1,0
9298,1895,4,4,0
9232,846,2,2,0
9203,932,2,2,0
9215,1419,1,1,0
9241,1427,9,9,0
9329,2379,6,6,0
9240,1135,4,4,0
9116,1211,5,5,0
9130,1326,10,10,0
9038,1452,5,5,0
9280,1506,18,18,0
9166,1759,2,2,0
9197,1074,1,1,0
9174,1692,3,3,0
9015,1278,9,9,0
9299,1626,7,7,0
9261,2233,91,41,50
9013,1681,2,2,0
9291,2024,6,6,0
9071,1667,4,4,0
9312,1533,43,29,14
9222,3621,3,3,0
9189,262,1,1,0
9339,1607,8,8,0
9255,2920,1,1,0
9105,1324,31,24,7
9322,2116,41,17,24
9161,1303,15,14,1
9170,1423,3,3,0
9042,1105,10,10,0
9115,960,2,2,0
9061,1393,8,6,2
9080,816,4,4,0
9267,1006,10,10,0
9306,1464,36,19,17
9125,1228,18,18,0
9207,2177,18,10,8
9244,1315,8,7,1
9095,1930,2,2,0
9285,1793,15,13,2
9066,1510,14,13,1
9162,1261,1,1,0
9269,1677,3,1,2
9083,1875,1,1,0
9082,1814,3,3,0
9176,1707,8,6,2
9319,1559,7,7,0
9103,1997,11,11,0
9206,1798,21,5,16
9194,4121,59,39,20
9047,1287,23,20,3
9041,795,2,2,0
9301,1793,7,7,0
9059,1345,3,3,0
9141,1808,2,2,0
9268,1335,7,7,0
9033,1330,1,1,0
9334,1286,6,6,0
9019,1880,11,11,0
9283,1634,7,5,2
9297,868,1,1,0
9273,1435,2,2,0
9214,1789,15,13,2
9187,1103,4,4,0
9331,1996,10,8,2
9223,1494,8,8,0
9165,2158,4,4,0
9290,1564,7,7,0
9235,1805,13,7,6
9030,832,7,7,0
9167,2199,18,18,0
9245,1523,8,8,0
9231,1663,18,18,0
9124,2610,32,31,1
9272,3798,16,8,8
9067,954,3,3,0
9113,1240,5,5,0
9149,878,7,7,0
9120,2090,10,10,0
9209,2393,11,10,1
9308,1774,2,2,0
9043,1186,6,6,0
9246,1870,13,7,6
9029,1309,10,5,5
9236,3872,3,3,0
9192,1234,2,2,0
9133,1084,2,2,0
9234,2283,1,1,0
9077,1437,7,7,0
9001,769,3,3,0
9056,2714,2,2,0
9181,1086,10,10,0
9202,2119,4,4,0
9305,893,2,2,0
9303,11916,4,2,2
9119,500,1,1,0
9094,1164,7,7,0
9151,2037,1,1,0
9321,1529,4,2,2
9251,1409,3,3,0
9336,860,12,12,0
9198,1912,1,1,0
9182,2035,17,16,1
9210,1871,4,4,0
9155,1500,1,1,0
9079,1694,8,8,0
9110,700,2,2,0
9065,1717,6,6,0
9035,1450,1,1,0
9199,1257,9,9,0
9270,1318,4,4,0
9326,1209,3,3,0
9109,222,1,1,0
9296,1389,3,3,0
9024,1165,2,2,0
9249,1433,2,2,0
9193,1310,5,5,0
9314,1169,7,7,0
9229,1602,10,10,0
9136,1013,3,3,0
9340,1676,3,3,0
9293,2037,3,3,0
9150,1403,2,1,1
9325,788,1,1,0
9259,1254,1,1,0
9332,1834,12,12,0
9264,1931,4,4,0
9055,1967,4,4,0
9070,1838,3,3,0
9171,2565,1,1,0
9208,123,1,1,0
9257,1509,17,17,0
9253,1511,3,3,0
9289,1642,7,7,0
9093,1108,1,1,0
9247,2365,6,6,0
9060,1549,13,11,2
9005,1564,4,4,0
9063,971,7,7,0
9051,2765,3,3,0
9238,962,3,3,0
9052,1369,2,2,0
9342,1710,5,5,0
9307,3190,4,4,0
9295,1319,6,6,0
9044,2334,2,2,0
9200,684,1,1,0
9003,1304,4,4,0
9002,1147,2,2,0
9099,1484,3,3,0
9169,752,2,2,0
9254,1545,7,6,1
9097,1123,1,1,0
9309,323,4,4,0
9221,280,1,1,0
9023,2195,3,3,0
9087,700,1,1,0
9228,1983,2,2,0
9258,1742,4,3,1
9292,1170,1,1,0
9300,657,3,3,0
9045,1151,2,2,0
9114,1823,2,2,0
9050,1321,1,1,0
9159,2142,2,2,0
9085,2375,6,4,2
9062,1910,7,7,0
9183,1005,1,1,0
9252,758,1,1,0
9153,9488,2,2,0
9262,1213,5,5,0
9274,0,1,1,0
9091,917,1,1,0
9230,417,1,1,0
9158,3303,3,3,0
9142,1645,2,2,0
9327,1016,2,2,0
9323,588,1,1,0
9106,1583,1,1,0
9239,1831,4,4,0
9164,1736,2,2,0
9054,1317,3,3,0
9073,1463,1,1,0
9016,1547,4,4,0
9287,500,1,1,0
9128,924,3,3,0
9126,260,1,1,0
9129,591,2,2,0
9078,2086,3,3,0
9341,900,1,1,0
9017,929,1,1,0
9084,5361,4,4,0
9046,1125,1,1,0
9224,432,4,4,0
9081,1585,6,6,0
9027,676,1,1,0
9213,688,1,1,0
9058,2175,2,2,0
9277,995,4,4,0
9092,2395,1,1,0
9138,2252,3,3,0
9313,1395,1,1,0
9328,1074,4,4,0
9049,980,1,1,0
9134,3688,1,1,0
9075,0,1,1,0
9330,1267,1,1,0
9026,1416,1,1,0
9014,1678,1,1,0
9101,1728,1,1,0
9111,3173,6,6,0
9271,1975,1,1,0
9108,1906,4,4,0
9212,2292,1,1,0
9180,1662,1,1,0
9009,358,1,1,0
9315,706,2,2,0
9131,1310,1,1,0
9217,919,1,1,0
9074,1421,1,1,0
9177,958,1,1,0
9220,1504,2,2,0
9152,1974,1,1,0
9039,1599,1,1,0
9205,2933,2,2,0
9040,1644,1,1,0
9089,1338,1,1,0
9132,1071,1,1,0
9143,2102,1,1,0
9025,2455,3,2,1
9168,1112,2,2,0
9037,1936,1,1,0
9237,1120,1,1,0
9117,13881,3,3,0
9140,927,2,2,0
10209,2356,13,9,4
10034,1396,14,9,5
10357,1978,17,17,0
10387,7430,562,116,446
10333,1862,86,39,47
10321,2391,12,12,0
10420,3127,24,15,9
10031,949,3,3,0
10081,2069,35,15,20
10368,1892,8,8,0
10033,1302,14,8,6
10220,1444,7,5,2
10362,3133,96,28,68
10006,1370,27,12,15
10120,220,1,1,0
10370,1917,2,2,0
10297,2635,16,13,3
10255,1258,3,3,0
10012,1363,5,5,0
10268,2247,21,17,4
10103,1045,1,1,0
10225,2480,6,6,0
10114,1347,5,5,0
10231,2370,7,7,0
10323,1706,84,65,19
10060,2219,15,14,1
10224,1230,6,6,0
10030,2862,3,1,2
10100,2725,13,13,0
10325,2109,12,8,4
10051,1656,7,7,0
10020,970,1,1,0
10433,1350,2,2,0
10064,1043,3,3,0
10123,1424,5,5,0
10094,798,6,6,0
10245,2126,2,2,0
10317,792,7,7,0
10310,1286,2,2,0
10032,1169,6,3,3
10421,1021,2,2,0
10226,1327,2,2,0
10430,1500,2,2,0
10373,1368,3,2,1
10442,1523,9,9,0
10289,848,9,7,2
10349,2133,14,14,0
10280,1858,4,4,0
10140,961,5,5,0
10339,1196,2,2,0
10026,294,2,2,0
10282,2221,8,7,1
10343,3361,36,18,18
10271,1565,7,7,0
10363,1810,1,1,0
10211,2104,6,6,0
10319,687,2,2,0
10441,1845,2,2,0
10233,848,5,5,0
10025,116,1,1,0
10010,476,2,2,0
10119,1379,4,4,0
10404,696,1,1,0
10141,980,8,8,0
10261,645,8,7,1
10102,670,1,1,0
10121,1190,1,1,0
10337,1605,2,2,0
10367,1501,7,7,0
10257,1045,1,1,0
10410,1701,3,3,0
10003,1231,17,17,0
10382,1218,12,12,0
10327,1636,1,1,0
10406,2329,4,4,0
10046,1628,3,3,0
10238,1564,4,4,0
10372,929,4,4,0
10237,3649,4,3,1
10161,823,1,1,0
10195,1807,2,2,0
10213,1227,2,2,0
10315,2360,2,2,0
10131,644,1,1,0
10328,1387,4,4,0
10334,4844,2,1,1
10249,1724,5,5,0
10153,1744,9,9,0
10210,810,2,2,0
10352,1871,3,3,0
10265,1931,10,7,3
10045,1420,1,1,0
10426,806,4,4,0
10143,1479,2,2,0
10276,1732,5,5,0
10096,2495,2,2,0
10019,320,1,1,0
10173,1553,4,4,0
10358,1936,4,3,1
10223,1193,2,2,0
10061,1131,3,3,0
10218,769,1,1,0
10306,772,2,2,0
10002,2674,1,0,1
10401,1293,9,9,0
10066,1519,6,6,0
10356,1827,3,3,0
10240,2078,5,5,0
10179,1274,4,4,0
10164,1328,1,1,0
10112,766,3,3,0
10222,2014,4,4,0
10104,1882,3,3,0
10187,686,5,5,0
10243,1360,4,4,0
10063,300,1,1,0
10332,2570,2,2,0
10158,1462,3,3,0
10216,947,5,3,2
10431,594,3,3,0
10004,1027,5,5,0
10139,579,2,2,0
10142,1395,7,7,0
10423,1749,6,6,0
10228,1077,1,1,0
10287,1650,3,3,0
10196,596,2,2,0
10018,1775,4,4,0
10080,1838,9,5,4
10298,1423,7,7,0
10203,1429,1,1,0
10035,323,4,4,0
10125,1814,1,1,0
10440,1241,4,4,0
10262,931,4,4,0
10185,175,1,1,0
10110,1296,4,3,1
10062,1607,1,1,0
10425,717,1,1,0
10341,2165,4,4,0
10192,1046,1,1,0
10084,1908,4,4,0
10168,868,3,3,0
10067,2044,4,4,0
10260,1503,2,2,0
10058,774,1,1,0
10037,2177,5,5,0
10230,1612,4,4,0
10248,2033,3,3,0
10331,2372,8,8,0
10068,1363,3,3,0
10191,2326,2,2,0
10408,1236,2,2,0
10299,778,1,1,0
10340,2027,7,7,0
10015,1687,3,3,0
10304,880,1,1,0
10445,828,1,1,0
10417,11801,6,1,5
10138,435,1,1,0
10169,1886,1,1,0
10115,1681,4,4,0
10028,1033,1,1,0
10043,887,1,1,0
10086,950,4,4,0
10075,800,1,1,0
10335,1778,1,1,0
10057,884,2,2,0
10291,1417,4,4,0
10133,1060,2,2,0
10042,2010,1,1,0
10350,1843,2,2,0
10288,741,4,4,0
10351,1269,2,2,0
10156,1435,3,2,1
10409,2077,2,2,0
10396,1482,4,4,0
10053,1686,3,3,0
10393,375,1,1,0
10360,1477,1,1,0
10412,2314,4,4,0
10117,1000,1,1,0
10162,1287,2,2,0
10314,583,1,1,0
10293,93,1,1,0
10383,1291,4,4,0
10070,2000,1,1,0
10201,2119,1,1,0
10371,1792,3,1,2
10428,476,1,1,0
10307,2303,1,1,0
10438,649,1,1,0
10136,1444,1,1,0
10199,1245,1,1,0
10089,1108,1,1,0
10134,2336,2,2,0
10038,1453,1,1,0
10023,2100,1,1,0
10190,1774,2,2,0
10172,750,1,1,0
10151,1506,3,2,1
10344,3301,3,3,0
10150,1313,2,2,0
10107,1548,1,1,0
10054,1001,1,1,0
10049,1873,5,5,0
10126,1844,1,1,0
10124,2012,1,1,0
10381,1387,2,2,0
10353,1509,3,3,0
10375,2155,2,2,0
10274,92,1,1,0
10318,952,1,1,0
10165,2474,3,3,0
10439,820,4,4,0
10095,1636,2,2,0
10269,894,2,2,0
10435,1462,1,1,0
10073,963,1,1,0
10208,2655,3,3,0
10399,1172,2,2,0
10329,2457,1,1,0
10149,2405,1,1,0
10295,2653,2,2,0
10432,1622,1,1,0
10326,492,1,1,0
10128,1303,2,2,0
10097,679,1,1,0
10284,1822,1,1,0
10180,831,2,2,0
10390,1400,1,1,0
10365,964,1,1,0
10312,821,2,2,0
10258,758,1,1,0
10181,1743,2,2,0
10101,2735,2,2,0
10275,1333,2,2,0
10366,1720,2,2,0
10259,1132,1,1,0
10144,1327,1,1,0
10254,1201,1,1,0
10116,1040,1,1,0
10022,1653,1,1,0
10200,152,1,1,0
10267,1577,1,1,0
10416,2704,1,1,0
10132,1211,1,1,0
10074,1387,1,1,0
10059,647,2,2,0
10444,968,1,1,0
10402,1661,1,1,0
11069,2278,527,211,316
11206,1921,122,65,57
11286,1310,16,16,0
11023,1562,9,8,1
11172,1835,14,13,1
11188,2427,33,29,4
11369,2086,29,29,0
11202,3776,243,91,152
11033,1674,21,21,0
11262,2892,644,201,443
11340,656,2,2,0
11368,1789,1,1,0
11185,2625,10,10,0
11144,2067,27,18,9
11305,1824,4,4,0
11379,2333,56,41,15
11310,864,9,5,4
11413,3225,12,12,0
11011,1458,5,5,0
11116,2638,25,25,0
11429,2038,44,41,3
11095,1229,2,2,0
11272,1846,21,21,0
11214,668,2,2,0
11405,2579,10,10,0
11067,1603,20,20,0
11200,3629,11,11,0
11132,3405,23,22,1
11145,3430,201,90,111
11126,1208,7,7,0
11010,1828,3,3,0
11370,1941,31,28,3
11068,1195,14,14,0
11189,2088,3,3,0
11266,2692,98,32,66
11299,1762,7,7,0
11289,1247,7,7,0
11332,2179,23,19,4
11304,1590,54,41,13
11032,2082,5,5,0
11295,1354,9,9,0
11170,3702,195,67,128
11055,695,2,2,0
11431,1756,3,1,2
11052,2075,4,4,0
11210,1046,10,10,0
11418,2113,14,9,5
11441,2106,26,21,5
11353,2369,27,26,1
11336,998,5,5,0
11081,1764,11,11,0
11158,1414,3,3,0
11356,2276,7,7,0
11041,2590,20,20,0
11056,488,1,0,1
11088,1707,7,7,0
11264,1958,9,8,1
11313,3017,2,2,0
11322,1996,15,15,0
11222,1180,4,4,0
11324,1485,4,4,0
11203,2034,112,66,46
11140,1328,17,15,2
11098,1732,9,9,0
11198,4617,13,13,0
11146,829,5,5,0
11285,3020,11,8,3
11259,1781,8,8,0
11057,1833,3,3,0
11014,2904,4,4,0
11106,2256,50,36,14
11027,1197,9,8,1
11049,1564,20,20,0
11254,1353,18,15,3
11397,1568,42,40,2
11360,2113,11,11,0
11012,2052,14,14,0
11089,1055,3,3,0
11315,1336,25,22,3
11240,1301,10,10,0
11015,1173,1,1,0
11426,1432,8,6,2
11091,1138,22,15,7
11260,591,1,1,0
11036,652,2,2,0
11076,9375,169,74,95
11301,960,15,15,0
11090,2118,6,6,0
11308,1772,7,7,0
11129,1099,25,22,3
11060,1083,1,1,0
11427,1125,3,3,0
11333,1463,1,1,0
11351,1176,10,10,0
11054,845,1,1,0
11241,1404,7,7,0
11001,1181,8,8,0
11255,2485,9,9,0
11279,1729,12,12,0
11434,1579,13,6,7
11039,1271,3,3,0
11296,1606,7,7,0
11357,1788,4,4,0
11099,9116,26,14,12
11142,1511,4,4,0
11261,1271,8,8,0
11157,1837,3,3,0
11252,1510,3,3,0
11258,2261,17,17,0
11181,1400,4,4,0
11107,1645,2,2,0
11372,474,6,6,0
11430,3021,12,12,0
11040,1683,15,15,0
11064,1681,2,2,0
11398,4047,1,1,0
11199,1892,7,7,0
11115,1187,12,8,4
11066,1335,6,4,2
11037,1091,17,9,8
11425,2006,13,13,0
11253,6044,8,8,0
11303,1087,7,7,0
11118,1728,1,1,0
11225,1917,5,5,0
11320,1099,7,7,0
11366,1313,8,8,0
11384,1114,1,1,0
11138,1262,4,4,0
11178,2152,9,9,0
11034,1611,5,5,0
11307,2148,4,4,0
11269,1628,25,24,1
11344,1593,5,5,0
11378,858,2,2,0
11401,1352,14,14,0
11110,1932,2,2,0
11123,1720,3,3,0
11270,1481,6,3,3
11121,3785,3,3,0
11175,1892,2,2,0
11281,2752,13,13,0
11220,1348,6,5,1
11164,2567,15,14,1
11151,1421,7,7,0
11433,1654,9,9,0
11216,1731,9,8,1
11409,1000,1,1,0
11086,1922,7,5,2
11330,1973,3,3,0
11101,724,1,1,0
11257,1648,3,3,0
11215,1810,9,9,0
11192,1844,9,4,5
11021,757,3,3,0
11022,2428,28,17,11
11061,1113,3,3,0
11013,1484,6,6,0
11383,1896,5,5,0
11273,1872,9,9,0
11367,10344,8,8,0
11187,1047,1,1,0
11236,2775,4,4,0
11424,1528,2,2,0
11276,1065,6,6,0
11117,725,3,3,0
11128,1330,2,2,0
11048,1383,5,5,0
11217,2122,8,5,3
11077,1588,6,6,0
11337,949,6,6,0
11275,1129,2,2,0
11084,1843,8,8,0
11421,1406,5,5,0
11267,1296,10,10,0
11293,1515,5,5,0
11143,833,1,1,0
11265,687,1,1,0
11251,1056,7,7,0
11317,107,1,1,0
11437,1863,4,4,0
11162,3204,1,1,0
11312,1626,4,4,0
11371,1580,4,4,0
11243,1502,4,4,0
11439,1594,5,5,0
11221,1116,3,3,0
11009,1165,14,14,0
11167,8670,3,1,2
11339,1501,4,4,0
11045,1799,3,3,0
11327,2311,6,6,0
11354,938,1,1,0
11404,1604,6,6,0
11111,1782,5,5,0
11028,2331,7,4,3
11390,1590,7,7,0
11024,3847,9,6,3
11103,1142,7,7,0
11148,1683,6,4,2
11124,695,2,2,0
11319,625,1,1,0
11182,1038,11,11,0
11288,3651,19,19,0
11402,1889,2,2,0
11004,4611,2,2,0
11410,1818,8,8,0
11432,1302,6,6,0
11062,963,2,2,0
11190,4305,19,19,0
11263,3513,5,5,0
11131,1323,6,6,0
11059,1971,3,3,0
11177,834,2,2,0
11122,2006,7,7,0
11193,1500,1,1,0
11302,1935,8,8,0
11422,2697,4,4,0
11074,1929,4,4,0
11393,1164,3,3,0
11208,902,2,2,0
11018,886,9,9,0
11005,1616,3,3,0
11016,240,1,1,0
11242,2656,2,2,0
11201,1192,5,5,0
11328,1431,4,4,0
11381,1468,1,1,0
11085,1752,6,6,0
11408,732,2,2,0
11399,1047,1,1,0
11345,1389,3,3,0
11306,431,1,1,0
11207,1549,3,3,0
11412,1385,3,3,0
11386,1283,2,2,0
11212,1294,5,5,0
11102,430,3,3,0
11235,1338,2,2,0
11321,1044,2,2,0
11152,2667,5,3,2
11407,1673,4,4,0
11130,1707,4,4,0
11180,959,2,2,0
11038,1000,1,1,0
11184,3300,4,4,0
11191,500,1,1,0
11396,1299,6,6,0
11361,3864,1,1,0
11092,429,1,1,0
11150,2205,2,2,0
11141,1661,2,2,0
11428,693,2,2,0
11362,2234,2,2,0
11416,1732,2,2,0
11239,1104,1,1,0
11087,2491,3,3,0
11211,955,1,1,0
11019,1061,3,3,0
11287,1273,1,1,0
11250,2000,1,1,0
11355,2041,5,5,0
11058,561,1,1,0
11078,11945,7,7,0
11363,1502,3,3,0
11280,1650,7,7,0
11341,1192,5,5,0
11156,690,2,2,0
11136,1202,6,6,0
11035,1415,4,4,0
11352,1325,1,1,0
11335,1509,1,1,0
11017,1068,2,2,0
11350,461,1,1,0
11268,3244,12,12,0
11070,761,1,1,0
11046,4996,2,2,0
11008,2281,7,5,2
11083,2222,3,3,0
11387,344,1,1,0
11154,1974,2,2,0
11007,2147,3,3,0
11244,1188,1,1,0
11197,1123,3,3,0
11380,3043,2,2,0
11229,1975,1,1,0
11376,2343,1,1,0
11423,3059,2,2,0
11309,4559,1,0,1
11176,2180,1,1,0
11161,861,2,2,0
11311,2458,1,1,0
11168,820,1,1,0
11297,1720,5,5,0
11316,1135,4,4,0
11314,1708,5,5,0
11195,763,10,10,0
11331,3085,1,1,0
11063,1250,4,4,0
11112,1333,1,1,0
11196,1441,2,2,0
11080,1608,1,1,0
11256,1434,3,2,1
11043,448,1,1,0
11323,973,2,2,0
11120,2016,4,4,0
11420,1308,4,4,0
11382,1671,3,3,0
11127,769,1,1,0
11153,516,1,1,0
11096,1071,1,1,0
11392,1304,2,2,0
11159,3875,2,2,0
11119,2080,3,3,0
11105,678,2,2,0
11278,1064,1,1,0
11194,998,3,3,0
11342,554,3,2,1
11051,2037,3,3,0
11139,1677,3,3,0
11183,900,1,1,0
11436,2449,1,1,0
11169,1111,1,1,0
11042,1413,3,3,0
11230,654,2,2,0
11053,4775,3,3,0
11385,1752,2,2,0
11003,1439,1,1,0
11165,1093,1,1,0
11282,1339,1,1,0
11163,1062,2,2,0
11233,1616,1,1,0
11002,2063,3,1,2
11071,445,2,2,0
11284,1851,2,2,0
11205,1714,1,1,0
11026,2451,2,2,0
11377,3406,1,1,0
11438,1547,1,1,0
11065,1163,2,2,0
11290,1386,1,1,0
11245,1920,1,1,0
11104,833,1,1,0
11025,384,1,1,0
12208,1746,10,6,4
12145,3772,20,4,16
12300,993,3,3,0
12292,1829,1,1,0
12021,978,2,2,0
12283,579,1,1,0
12202,5990,20,5,15
12288,1967,1,1,0
12089,2661,5,1,4
12298,18,1,1,0
12222,4191,2,1,1
12052,1493,3,3,0
12270,1300,1,1,0
12125,112,1,1,0
12286,674,1,1,0
12191,2500,2,2,0
12174,2500,1,1,0
12255,1787,1,1,0
12158,2037,6,6,0
12289,734,1,1,0
12085,799,2,2,0
12169,1875,1,0,1
12113,1529,2,2,0
12223,1075,1,1,0
12057,1040,1,1,0
12254,2961,2,2,0
12138,1821,2,2,0
12049,714,1,1,0
12262,1241,1,1,0
12258,2540,2,2,0
12148,1569,1,1,0
12209,946,1,1,0
12133,3562,1,1,0
12080,581,1,1,0
12096,1653,1,1,0
12048,619,1,1,0
12041,1667,1,1,0
12090,2716,2,2,0
12018,3340,4,4,0
12065,2240,2,2,0
12135,1053,1,1,0
12006,3333,1,1,0
12266,552,1,1,0
12127,1057,2,2,0
12224,1,1,1,0
12083,617,1,1,0
12198,833,1,1,0
12237,1333,1,1,0
12029,1054,1,1,0
12176,1617,1,1,0
12219,300,1,1,0
12231,117,1,1,0
12197,489,1,1,0
12070,640,2,2,0
13203,3866,4,0,4
13209,3966,1,0,1
13201,3758,1,0,1
13086,7891,14,7,7
13207,5325,2,0,2
13208,5144,4,0,4
13204,3000,3,1,2
13028,7143,1,0,1
13007,2477,1,0,1
13212,4626,2,0,2
13213,6429,2,2,0
13215,1333,1,0,1
13001,9978,1113,212,901
13040,6332,64,44,20
13062,4462,12,12,0
13044,5123,34,24,10
13103,3850,278,89,189
13050,3813,60,37,23
13110,5135,97,59,38
13041,104359,166,41,125
13069,4158,73,44,29
13084,3843,23,15,8
13071,5035,131,84,47
13063,2790,105,42,63
13015,5198,74,47,27
13019,4495,43,38,5
13106,3705,66,29,37
13072,6454,42,32,10
13111,2927,2,1,1
13060,8590,25,13,12
13113,5100,47,33,14
13024,3817,15,9,6
13032,6531,55,47,8
13087,3911,25,15,10
13051,4328,40,29,11
13091,4678,33,28,5
13025,5031,21,15,6
13082,4299,18,18,0
13059,3341,16,12,4
13107,7176,34,25,9
13009,3046,4,2,2
13080,4388,30,12,18
13048,5264,43,38,5
13079,4362,7,6,1
13074,6564,28,10,18
13008,3833,3,3,0
13109,7118,18,13,5
13095,4004,18,16,2
13029,4636,8,5,3
13099,2467,5,3,2
13012,2838,1,1,0
13043,4354,58,40,18
13026,4065,115,53,62
13038,5293,22,18,4
13066,4227,31,22,9
13056,4821,261,84,177
13077,3500,94,47,47
13054,3173,198,62,136
13037,4339,43,32,11
13112,5469,30,23,7
13047,5568,249,138,111
13118,5981,19,15,4
13021,5821,39,21,18
13088,7025,27,15,12
13104,7002,93,36,57
13092,5150,64,29,35
13114,6701,34,30,4
13081,3838,66,39,27
13117,4674,165,70,95
13039,3178,84,56,28
13033,8253,30,29,1
13102,3572,30,21,9
13014,3636,45,22,23
13098,4692,26,25,1
13004,9430,349,196,153
13096,4764,53,16,37
13045,3027,22,20,2
13035,5485,50,35,15
13097,3644,83,57,26
13108,3109,113,54,59
13100,9097,96,69,27
13006,3860,11,11,0
13027,3106,110,67,43
13068,6017,27,26,1
13011,40195,13,2,11
13036,4507,39,28,11
13078,2463,28,12,16
13089,4593,33,23,10
13018,3035,26,21,5
13105,3573,39,24,15
13058,8692,36,28,8
13010,3838,26,21,5
13065,4619,25,23,2
13067,11218,18,15,3
13053,3578,72,41,31
13094,7073,25,19,6
13064,4286,15,15,0
13115,5519,12,12,0
13083,3681,23,18,5
13076,2500,8,8,0
13049,9477,5,4,1
13017,4079,11,10,1
13034,7705,32,31,1
13052,10346,15,10,5
13003,4632,8,8,0
13057,3300,1,1,0
13116,4647,3,3,0
13061,3981,1,1,0
14118,4256,139,14,125
14623,2738,2,2,0
14341,4436,9,6,3
14437,2893,13,8,5
14266,2779,2,2,0
14254,2497,1,1,0
14258,2578,8,6,2
14486,472,3,3,0
14327,2710,23,3,20
14057,1926,2,2,0
14411,1342,1,1,0
14375,1419,1,1,0
14516,1786,2,2,0
14627,2082,3,3,0
14677,1533,1,1,0
14090,2548,3,3,0
14735,948,1,1,0
14100,1837,2,2,0
14408,2582,5,5,0
14719,1969,1,1,0
14720,1686,1,1,0
14753,2500,3,3,0
14242,2556,1,1,0
14271,4557,5,5,0
14756,1289,1,1,0
14675,2646,3,3,0
14689,1744,3,3,0
14042,2197,4,4,0
14566,3114,1,1,0
14173,2702,2,2,0
14738,3568,4,3,1
14039,1562,1,1,0
14274,2034,4,4,0
14277,2130,2,2,0
14572,1297,1,1,0
14145,2314,2,2,0
14101,3309,3,3,0
14587,3077,1,1,0
14287,2527,1,1,0
14181,3025,2,1,1
14602,310,1,1,0
14150,1908,1,1,0
14162,1628,5,5,0
14383,2411,1,0,1
14656,2128,1,1,0
14659,1200,1,1,0
14257,1934,1,1,0
14452,2393,3,3,0
14721,3170,1,1,0
14678,423,1,1,0
14309,2071,1,1,0
14456,3118,2,2,0
14092,2044,1,1,0
14245,556,1,1,0
14384,3362,2,1,1
14409,4510,1,1,0
14325,3050,1,1,0
14121,2581,2,2,0
14117,3475,2,1,1
14175,2319,2,2,0
14311,1333,2,2,0
14047,2242,2,0,2
14068,3761,1,1,0
14762,1085,7,5,2
14407,4000,2,2,0
14538,4667,1,1,0
14338,5019,16,1,15
14515,2129,2,1,1
14699,5623,16,11,5
14172,2849,1,1,0
14174,1763,2,0,2
14124,2105,1,1,0
14739,3696,3,3,0
14715,5477,24,3,21
14626,2647,6,6,0
14366,2416,18,2,16
14754,4091,28,5,23
14076,2715,1,1,0
14344,3198,1,1,0
14326,4034,4,4,0
14167,2692,1,0,1
14027,1564,4,4,0
14220,6077,16,3,13
14125,3306,2,2,0
14333,3771,15,8,7
14460,2700,4,4,0
14643,2162,2,2,0
14200,1767,1,1,0
14406,1129,2,2,0
14744,2164,2,2,0
14488,3891,3,2,1
14301,2286,1,1,0
14020,5370,1,1,0
14059,4742,3,1,2
14755,3874,4,4,0
14530,3601,1,1,0
14475,1754,1,1,0
14716,1740,1,1,0
14668,1507,1,1,0
14035,1373,2,2,0
14214,2621,2,2,0
14453,1667,1,1,0
14342,802,2,2,0
14143,1682,3,3,0
14465,2793,1,1,0
14011,2701,2,2,0
14312,4391,1,0,1
14159,1573,1,1,0
14679,2112,1,1,0
14397,2366,2,2,0
14273,2700,1,1,0
14654,3625,18,15,3
14740,747,2,2,0
14421,2643,1,1,0
14478,1719,9,7,2
14362,1474,3,3,0
14431,1118,6,5,1
14194,2205,9,9,0
14570,1445,11,11,0
14303,2287,1,1,0
14582,744,1,1,0
14371,1543,7,7,0
14576,3087,6,6,0
14504,1668,2,2,0
14410,2067,1,1,0
14305,3651,2,2,0
14225,4274,7,3,4
14557,3652,3,0,3
14578,3338,5,5,0
14161,2716,8,8,0
14001,3457,2,2,0
14534,724,2,2,0
14701,7708,8,4,4
14694,1794,6,6,0
14093,3420,3,3,0
14514,3952,9,8,1
14731,9836,2,2,0
14269,2511,2,2,0
14086,6950,2,2,0
14500,2332,2,2,0
14657,2820,1,1,0
14079,3750,7,1,6
14102,2750,2,2,0
14299,2376,6,6,0
14085,1871,4,4,0
14536,2594,3,2,1
14598,3318,2,2,0
14229,1711,1,1,0
14131,4714,1,1,0
14706,12133,6,6,0
14286,3772,3,3,0
14555,5724,7,7,0
14024,2748,3,2,1
14104,3371,2,2,0
14335,4915,4,4,0
14748,9940,4,4,0
14726,950,2,2,0
14357,772,1,1,0
14061,1674,3,3,0
14559,469,3,3,0
14658,5960,4,4,0
15169,1549,6,3,3
15001,1255,18,8,10
15119,1201,31,24,7
15244,1584,3,3,0
15141,881,17,15,2
15173,1203,3,2,1
15037,825,8,8,0
15122,1265,17,9,8
15187,1998,50,16,34
15181,1183,4,2,2
15112,1244,1,1,0
15162,1554,27,13,14
15052,1046,8,8,0
15225,1780,6,3,3
15134,1067,7,7,0
15014,2260,335,52,283
15153,1149,20,19,1
15042,882,6,6,0
15175,1373,9,9,0
15120,1626,17,8,9
15265,1627,24,16,8
15104,1140,3,3,0
15063,638,5,5,0
15258,1291,20,14,6
15101,2934,30,7,23
15216,1476,2,1,1
15228,882,1,1,0
15221,1463,12,12,0
15054,867,18,13,5
15196,1732,22,19,3
15156,966,7,7,0
15083,1634,17,17,0
15050,627,6,4,2
15108,1439,5,5,0
15190,2703,3,3,0
15243,979,9,5,4
15213,514,4,4,0
15012,2520,61,42,19
15255,2019,7,5,2
15155,1391,3,3,0
15098,998,2,2,0
15016,1796,13,13,0
15021,1529,5,5,0
15030,1698,2,2,0
15036,1154,6,6,0
15261,955,9,9,0
15250,774,4,4,0
15086,1945,2,2,0
15223,915,6,6,0
15003,804,13,11,2
15006,820,7,5,2
15066,557,8,8,0
15204,1224,13,13,0
15211,1163,3,3,0
15267,2331,36,30,6
15089,845,6,6,0
15097,835,4,4,0
15005,1752,4,4,0
15235,1324,6,6,0
15164,3961,15,2,13
15009,566,4,4,0
15174,719,5,5,0
15220,905,1,1,0
15133,769,2,2,0
15074,1456,9,9,0
15142,3111,25,7,18
15154,1957,6,6,0
15026,2990,1,1,0
15229,1904,1,1,0
15027,1935,15,12,3
15038,948,9,7,2
15008,673,5,5,0
15138,2171,14,5,9
15106,2500,1,1,0
15137,1542,3,3,0
15203,51,1,1,0
15094,994,7,6,1
15087,1731,5,5,0
15260,968,4,4,0
15075,2150,5,5,0
15268,1950,13,8,5
15252,1268,6,6,0
15170,946,2,2,0
15240,1208,1,1,0
15004,1128,3,3,0
15070,1851,5,5,0
15033,312,1,1,0
15093,714,1,1,0
15249,978,2,2,0
15236,1828,13,11,2
15079,1056,4,4,0
15202,1526,23,16,7
15029,2372,4,4,0
15048,644,1,1,0
15002,1,1,1,0
15140,2024,14,14,0
15092,1658,5,5,0
15219,1564,5,4,1
15212,1690,2,2,0
15185,1052,3,3,0
15076,1350,3,3,0
15045,5395,12,5,7
15078,726,1,1,0
15166,1162,4,4,0
15208,1457,3,3,0
15046,971,4,4,0
15129,1571,4,4,0
15127,568,3,3,0
15160,1161,18,18,0
15118,899,6,6,0
15266,1565,2,2,0
15131,504,5,5,0
15176,1288,4,4,0
15144,2041,2,2,0
15069,496,2,2,0
15188,1542,11,5,6
15256,1938,6,6,0
15217,1868,1,1,0
15192,1398,6,5,1
15123,1070,5,5,0
15096,944,2,2,0
15218,345,3,3,0
15103,1108,2,2,0
15198,1324,4,4,0
15147,1416,4,4,0
15080,1602,4,4,0
15209,2990,1,1,0
15022,686,2,2,0
15049,429,3,3,0
15095,1691,3,3,0
15058,1681,2,2,0
15165,363,1,1,0
15011,1768,2,2,0
15072,761,2,2,0
15245,1000,3,3,0
15082,2164,8,7,1
15117,1134,5,5,0
15200,1101,2,2,0
15116,50,1,1,0
15124,1327,1,1,0
15032,881,1,1,0
15040,614,2,2,0
15234,524,2,2,0
15090,2236,8,8,0
15205,1242,4,4,0
15207,653,3,2,1
15088,1892,5,5,0
15194,1247,1,1,0
15161,101,2,2,0
15178,407,1,1,0
15167,1300,1,1,0
15191,996,4,4,0
15246,465,2,2,0
15248,2076,5,3,2
15057,1527,1,1,0
15114,392,4,4,0
15056,1142,2,2,0
15168,1340,4,4,0
15233,2144,1,1,0
15025,2024,2,0,2
15215,1592,8,8,0
15051,1233,4,4,0
15251,342,1,1,0
15113,375,1,1,0
15184,1315,6,6,0
15186,1420,1,1,0
15034,1353,1,1,0
15041,1100,3,3,0
15105,838,1,1,0
15135,2167,1,1,0
15201,2124,2,0,2
15019,1051,3,3,0
15257,875,1,1,0
15157,607,2,2,0
15018,849,4,4,0
15182,256,1,1,0
15102,1714,1,1,0
15163,1405,3,1,2
15189,1787,2,2,0
15126,1541,1,1,0
15183,2189,1,1,0
15100,1635,2,2,0
15238,357,1,1,0
15085,2657,1,1,0
15053,667,1,1,0
15015,1573,1,1,0
15222,643,1,1,0
15017,1397,1,1,0
15179,850,1,1,0
15107,1107,2,2,0
15111,1157,1,1,0
15151,774,1,1,0
15264,1906,1,1,0
15214,2459,2,2,0
15152,811,1,1,0
16291,2306,92,79,13
16174,1502,4,4,0
16015,4344,615,278,337
16101,1265,5,5,0
16244,1570,15,8,7
16120,2102,16,16,0
16102,3490,309,178,131
16138,1783,45,44,1
16206,3134,44,21,23
16036,1245,2,2,0
16125,1855,3,3,0
16408,2519,18,13,5
16374,2244,83,74,9
16196,1120,10,10,0
16200,1697,10,10,0
16089,1762,42,42,0
16284,3517,4,4,0
16218,1271,9,9,0
16151,1678,8,8,0
16199,2092,47,43,4
16318,1245,3,3,0
16304,7333,20,17,3
16106,1966,47,41,6
16358,2611,71,65,6
16337,1092,9,9,0
16072,1206,3,3,0
16283,1214,9,9,0
16095,1692,5,5,0
16148,1078,7,7,0
16005,1132,35,35,0
16069,748,6,6,0
16320,1343,11,11,0
16100,884,9,9,0
16065,725,8,8,0
16187,1620,20,20,0
16154,2120,72,48,24
16166,1688,43,38,5
16287,1686,40,40,0
16317,1068,9,9,0
16180,2064,7,7,0
16258,2058,13,13,0
16002,988,6,6,0
16064,716,15,15,0
16124,1153,38,38,0
16167,1790,56,49,7
16372,1725,5,5,0
16088,1413,13,13,0
16078,1828,52,52,0
16267,3135,5,5,0
16420,867,2,2,0
16074,1670,3,3,0
16018,1577,5,5,0
16270,938,9,9,0
16216,3090,9,9,0
16085,1806,29,27,2
16063,1568,7,7,0
16369,1350,7,7,0
16009,1526,10,10,0
16190,836,6,6,0
16205,773,10,10,0
16286,1482,29,29,0
16281,2801,55,40,15
16090,3015,53,49,4
16261,1655,7,7,0
16264,2039,9,9,0
16273,572,3,3,0
16263,1933,9,9,0
16254,1106,11,11,0
16119,1245,10,10,0
16295,1468,24,24,0
16113,5094,81,61,20
16236,1559,17,17,0
16014,2284,4,4,0
16146,1599,15,15,0
16379,1388,22,22,0
16230,1596,21,21,0
16416,1616,13,13,0
16406,2930,20,16,4
16348,988,10,10,0
16231,900,5,5,0
16028,1668,63,57,6
16242,1184,33,33,0
16385,1793,6,6,0
16168,1673,12,12,0
16134,1060,18,18,0
16152,1705,8,8,0
16393,1795,17,17,0
16097,1653,19,19,0
16076,1093,16,16,0
16070,1173,45,38,7
16308,686,17,17,0
16339,1413,14,14,0
16192,1059,59,47,12
16370,1536,21,21,0
16016,1231,13,9,4
16363,1054,5,5,0
16098,980,2,2,0
16409,964,17,17,0
16141,1160,3,3,0
16238,1458,5,5,0
16237,719,2,2,0
16008,1117,4,4,0
16353,1278,13,13,0
16248,1245,4,4,0
16032,1442,3,3,0
16418,1846,10,10,0
16198,1618,3,3,0
16210,1280,3,3,0
16399,1573,5,5,0
16306,795,9,9,0
16193,1698,15,15,0
16007,1230,16,14,2
16400,1517,15,15,0
16292,2176,105,84,21
16142,2375,5,5,0
16046,1434,19,19,0
16170,1371,5,5,0
16029,1162,4,4,0
16020,1687,5,5,0
16123,1923,8,8,0
16181,1720,14,14,0
16165,1335,9,9,0
16346,644,3,3,0
16383,1209,8,7,1
16024,1837,7,7,0
16412,1466,6,6,0
16421,1355,4,4,0
16056,1635,11,11,0
16171,3295,7,7,0
16182,860,12,12,0
16122,1562,4,4,0
16300,1116,23,23,0
16217,1903,15,15,0
16012,1526,3,3,0
16061,1548,26,26,0
16186,3335,7,7,0
16207,2538,16,11,5
16232,1583,16,16,0
16204,1503,13,13,0
16384,1264,17,17,0
16066,1231,14,14,0
16223,1841,49,47,2
16423,1024,4,4,0
16093,1446,19,19,0
16068,1044,6,6,0
16226,1526,10,10,0
16058,2141,14,14,0
16303,3404,5,5,0
16038,1118,11,11,0
16271,2078,17,17,0
16153,1522,8,8,0
16023,1190,12,12,0
16350,1111,11,11,0
16325,718,4,4,0
16224,1483,7,7,0
16330,1730,5,5,0
16040,723,5,5,0
16084,1182,7,4,3
16285,1141,6,6,0
16047,1397,3,3,0
16133,700,1,1,0
16081,1217,6,6,0
16150,1731,23,23,0
16035,810,8,6,2
16378,1240,10,10,0
16057,1383,4,4,0
16298,1492,7,7,0
16049,1900,10,10,0
16368,1674,18,18,0
16366,1838,19,19,0
16096,1243,11,11,0
16276,1547,12,12,0
16157,545,3,3,0
16011,1358,10,10,0
16185,867,2,2,0
16341,1576,26,14,12
16209,1640,9,9,0
16003,1058,10,10,0
16359,1342,8,8,0
16222,1086,6,6,0
16044,2102,8,8,0
16031,888,9,9,0
16039,1544,3,3,0
16163,1533,10,10,0
16272,1231,4,4,0
16114,1188,6,6,0
16019,1460,18,18,0
16055,1436,9,9,0
16175,1391,7,7,0
16355,2255,15,15,0
16397,901,9,9,0
16269,1306,6,6,0
16169,5941,12,6,6
16108,1797,3,3,0
16392,1268,4,4,0
16329,1044,9,9,0
16310,935,2,2,0
16289,1083,10,10,0
16382,1758,6,6,0
16360,1528,6,6,0
16104,1453,12,12,0
16082,1806,6,6,0
16215,1143,1,1,0
16388,1625,12,12,0
16073,2103,31,19,12
16048,1641,4,4,0
16041,652,2,2,0
16110,1252,12,12,0
16293,1413,6,6,0
16042,1198,4,4,0
16077,1373,3,3,0
16053,273,1,1,0
16086,863,12,12,0
16161,3297,4,4,0
16260,976,7,7,0
16030,1800,11,11,0
16071,1090,5,5,0
16395,1273,1,1,0
16183,1559,3,3,0
16136,799,4,4,0
16140,1325,10,10,0
16189,906,7,7,0
16290,1679,7,7,0
16403,1552,2,2,0
16422,3545,10,10,0
16194,1660,4,4,0
16354,1301,2,2,0
16253,650,7,7,0
16415,1977,11,11,0
16396,601,6,4,2
16052,507,6,6,0
16227,2037,2,2,0
16037,1642,4,4,0
16279,902,3,3,0
16375,1027,3,3,0
16302,1506,1,1,0
16212,649,3,3,0
16338,2744,6,6,0
16191,830,3,3,0
16419,672,1,1,0
16373,577,2,2,0
16025,1722,15,15,0
16013,1279,4,4,0
16312,1545,14,14,0
16239,2061,11,11,0
16387,1271,4,4,0
16280,2619,18,18,0
16135,663,2,2,0
16225,1368,11,7,4
16401,1600,6,6,0
16188,1747,11,11,0
16054,855,2,2,0
16001,629,6,6,0
16062,1560,1,1,0
16143,2805,4,4,0
16213,1683,6,6,0
16347,1486,6,6,0
16131,2343,4,4,0
16162,4745,3,3,0
16105,1408,6,6,0
16277,2053,5,5,0
16060,1264,3,3,0
16026,1528,7,7,0
16352,778,5,5,0
16233,1328,5,5,0
16357,1324,1,1,0
16083,1350,5,5,0
16208,1586,5,5,0
16221,1226,2,2,0
16137,692,1,1,0
16424,1626,3,3,0
16342,1939,1,1,0
16297,1162,2,2,0
16229,826,4,4,0
16067,903,2,2,0
16034,1110,8,8,0
16336,1048,8,8,0
16389,637,1,1,0
16321,752,1,1,0
16130,3837,7,7,0
16091,1182,1,1,0
16345,1283,3,3,0
16246,1462,2,2,0
16315,1343,1,1,0
16109,1260,4,4,0
16362,917,1,1,0
16331,1693,6,6,0
16414,1268,4,4,0
16158,785,2,2,0
16128,893,8,8,0
16111,2082,2,2,0
16405,1792,1,1,0
16390,1302,5,5,0
16079,756,1,1,0
16243,4255,10,10,0
16107,1387,4,4,0
16245,1088,6,6,0
16282,2494,4,4,0
16087,1215,6,6,0
16380,1056,3,3,0
16118,947,2,2,0
16402,1169,6,6,0
16139,1735,5,5,0
16335,933,2,2,0
16256,850,4,4,0
16340,1231,2,2,0
16116,1993,3,3,0
16099,3576,3,3,0
16176,2090,3,3,0
16132,1175,12,11,1
16361,1966,5,5,0
16349,1652,4,4,0
16240,1875,4,4,0
16425,3118,8,8,0
16268,2870,10,10,0
16241,1648,2,2,0
16356,1381,1,1,0
16323,1438,7,7,0
16147,8979,4,4,0
16249,741,2,2,0
16255,833,3,3,0
16220,1615,7,7,0
16316,1477,6,6,0
16127,859,1,1,0
16103,684,1,1,0
16404,1183,2,2,0
16234,1517,3,3,0
16394,1502,1,1,0
16059,257,2,2,0
16326,1582,1,1,0
16164,1388,6,6,0
16275,407,3,3,0
16301,1195,2,2,0
16211,1293,6,6,0
16144,1128,6,6,0
16197,1418,1,1,0
16173,1159,1,1,0
16413,421,2,2,0
16027,265,1,1,0
16334,2430,3,3,0
16145,1591,2,2,0
16045,606,1,1,0
17434,2195,66,46,20
17329,2792,8,8,0
17461,4766,52,29,23
17003,2920,25,23,2
17032,2067,8,8,0
17300,5606,565,194,371
17484,3496,29,27,2
17201,1906,2,2,0
17480,2390,3,3,0
17409,4611,33,32,1
17264,4535,28,25,3
17093,3889,53,48,5
17140,4671,47,42,5
17411,4510,17,16,1
17168,4298,63,56,7
17306,4297,341,133,208
17297,9657,23,23,0
17407,3608,44,44,0
17322,1631,4,4,0
17429,2598,14,12,2
17385,4772,88,83,5
17094,5469,72,53,19
17482,2149,5,5,0
17225,4645,57,55,2
17413,10707,13,8,5
17380,4729,81,60,21
17337,3947,67,61,6
17008,3005,17,17,0
17222,3982,33,33,0
17200,4849,48,39,9
17028,5141,71,40,31
17190,4698,25,20,5
17155,2513,26,25,1
17340,1839,6,6,0
17207,8874,6,6,0
17323,6551,24,24,0
17338,1915,35,35,0
17153,3279,14,14,0
17237,2222,6,6,0
17221,801,3,3,0
17360,16285,30,30,0
17194,3308,21,21,0
17449,2355,72,50,22
17021,3152,37,31,6
17414,3510,37,37,0
17299,6184,273,95,178
17359,3342,12,12,0
17452,4037,61,51,10
17058,3537,32,24,8
17375,2326,9,9,0
17146,2536,26,18,8
17184,1381,3,3,0
17351,2316,8,8,0
17396,2295,12,12,0
17127,2049,21,15,6
17158,3314,13,13,0
17420,4484,23,20,3
17064,3794,39,38,1
17247,3784,7,4,3
17051,7397,21,20,1
17291,4580,42,35,7
17265,3089,18,14,4
17253,1871,6,6,0
17010,9432,30,18,12
17483,3108,16,14,2
17216,2304,12,6,6
17286,11644,20,20,0
17186,2386,7,7,0
17193,3474,21,21,0
17439,1700,9,9,0
17311,3063,21,20,1
17274,4788,74,46,28
17346,1992,8,8,0
17406,1461,4,4,0
17485,4838,21,16,5
17174,1683,10,10,0
17463,3173,9,9,0
17109,3002,9,9,0
17369,12939,27,11,16
17382,1729,6,6,0
17019,12380,23,21,2
17308,2334,21,18,3
17443,3229,19,19,0
17486,5055,15,15,0
17205,2106,2,2,0
17320,1045,2,2,0
17373,2335,18,18,0
17083,2148,6,6,0
17065,2041,16,16,0
17185,1942,9,9,0
17063,1961,2,2,0
17142,3459,31,28,3
17091,2660,21,20,1
17303,1690,5,5,0
17080,1574,4,4,0
17219,3212,43,37,6
17203,3053,1,1,0
17121,9038,19,17,2
17079,3007,14,14,0
17349,2039,24,24,0
17166,4516,26,26,0
17353,2989,13,13,0
17161,9176,22,21,1
17059,2971,13,13,0
17466,2563,9,9,0
17151,2295,3,3,0
17315,2132,5,5,0
17318,6008,8,8,0
17218,2337,47,34,13
17447,2675,17,17,0
17057,1775,4,4,0
17245,3211,6,6,0
17394,1939,7,7,0
17267,2255,5,5,0
17075,2800,16,16,0
17136,5950,7,7,0
17009,2673,7,7,0
17182,1505,4,4,0
17007,2037,5,5,0
17376,2878,15,11,4
17208,3000,3,3,0
17036,2017,2,2,0
17292,1378,5,5,0
17391,2154,6,6,0
17107,2830,10,10,0
17321,3437,5,5,0
17132,1484,5,5,0
17293,2132,6,6,0
17472,2436,8,8,0
17246,1859,3,3,0
17041,1980,5,5,0
17457,1603,8,8,0
17348,1517,3,3,0
17018,3553,3,3,0
17172,1649,2,2,0
17102,2246,1,1,0
17230,3620,8,8,0
17415,3345,22,15,7
17060,1370,3,3,0
17412,610,2,2,0
17295,1319,3,3,0
17133,1963,2,2,0
17425,2546,2,2,0
17147,1630,3,3,0
17113,1010,4,4,0
17269,922,2,2,0
17285,3549,3,3,0
17119,1803,1,1,0
17073,1963,4,4,0
17275,2208,1,1,0
17347,3786,10,6,4
17038,1888,2,2,0
17421,2705,10,9,1
17105,1634,1,1,0
17100,1283,3,3,0
17307,2560,1,1,0
17400,625,1,1,0
17314,1196,1,1,0
17240,1904,2,2,0
17179,1829,2,2,0
17328,1167,1,1,0
17335,1577,1,1,0
17372,952,1,1,0
17077,1808,2,2,0
17148,2799,2,2,0
17239,613,1,1,0
17076,131,2,2,0
17196,1118,3,3,0
17024,768,3,3,0
17056,2111,1,1,0
17397,2788,1,1,0
17257,618,1,1,0
17333,4262,14,11,3
17053,2312,1,1,0
17160,2172,1,1,0
17263,1830,1,1,0
17120,2119,2,2,0
17043,1176,1,1,0
17309,1554,6,6,0
17280,1635,1,1,0
17437,3293,1,1,0
17197,15863,17,6,11
17131,1934,1,1,0
17082,1606,2,2,0
17022,2475,2,2,0
17046,2143,1,1,0
17284,1646,3,3,0
17020,1912,1,1,0
17072,901,3,3,0
17276,1894,1,1,0
17345,2448,1,1,0
17016,761,1,1,0
17164,2198,3,3,0
17387,1192,3,3,0
17325,4595,2,2,0
17441,1473,2,2,0
17302,1565,3,3,0
17104,1436,2,2,0
17052,1518,1,1,0
17283,1091,5,5,0
17211,742,1,1,0
17061,1319,1,1,0
17112,3036,2,2,0
17354,1945,2,2,0
17310,2068,3,3,0
17086,2719,2,2,0
17428,1683,1,1,0
17141,1724,2,2,0
17213,1911,1,1,0
17458,2024,1,1,0
17279,1839,3,3,0
17365,1108,1,1,0
17336,2059,1,1,0
17070,1585,1,1,0
17298,2314,1,1,0
17183,4427,6,6,0
17342,1524,2,2,0
17042,2439,2,2,0
17361,1344,1,1,0
17444,1842,2,2,0
17469,2103,1,1,0
17220,171,1,1,0
17228,3625,1,1,0
17330,2181,1,1,0
17192,1735,1,1,0
17393,3061,1,1,0
17255,1846,1,1,0
17099,773,1,1,0
17005,821,1,1,0
17137,1443,1,1,0
17459,1243,1,1,0
17134,2381,2,2,0
17408,2022,1,1,0
17097,2822,2,2,0
17232,1869,1,1,0
17030,1988,1,1,0
17460,2097,2,2,0
18020,1265,26,25,1
18033,2845,804,338,466
18082,1324,10,10,0
18197,1937,138,88,50
18032,1542,20,18,2
18023,1039,25,25,0
18055,1100,11,11,0
18072,870,8,8,0
18175,1130,13,13,0
18056,1008,10,10,0
18095,1182,5,5,0
18105,1238,11,11,0
18108,1132,68,61,7
18159,3152,18,17,1
18160,936,24,23,1
18141,1405,55,52,3
18279,2331,374,208,166
18029,384,5,5,0
18139,900,3,3,0
18181,1388,2,2,0
18027,844,8,5,3
18233,1128,29,18,11
18003,1164,19,15,4
18218,1813,3,3,0
18193,937,6,4,2
18213,1678,28,28,0
18134,611,9,9,0
18025,912,16,16,0
18009,1115,6,6,0
18113,1011,3,3,0
18290,1117,4,4,0
18035,1591,12,12,0
18194,1190,10,10,0
18281,1807,18,18,0
18074,906,5,5,0
18289,1073,8,8,0
18090,919,13,13,0
18205,2043,86,77,9
18125,1589,14,14,0
18287,1248,6,6,0
18207,1186,59,45,14
18138,1654,20,20,0
18243,2664,11,11,0
18094,521,4,4,0
18087,1383,52,45,7
18208,834,5,5,0
18242,1090,47,36,11
18249,1071,15,15,0
18028,1723,11,11,0
18086,1325,7,7,0
18031,710,6,6,0
18097,2050,21,21,0
18171,2044,7,7,0
18034,1126,7,7,0
18172,891,22,20,2
18178,1048,8,8,0
18067,2917,9,9,0
18158,1050,2,2,0
18150,1563,12,12,0
18054,860,3,3,0
18132,608,4,4,0
18148,1514,24,24,0
18103,1225,25,25,0
18155,858,9,9,0
18127,962,27,25,2
18206,1528,11,11,0
18273,1029,8,8,0
18058,837,18,16,2
18200,776,10,10,0
18057,1036,39,36,3
18267,1754,28,28,0
18046,1013,2,2,0
18015,2141,62,51,11
18245,472,3,3,0
18147,589,4,4,0
18236,487,5,5,0
18240,948,15,13,2
18165,12523,16,15,1
18126,1529,15,15,0
18170,1250,5,5,0
18140,1015,11,11,0
18037,2249,19,17,2
18214,1108,5,5,0
18012,991,14,14,0
18146,1030,3,3,0
18110,692,18,18,0
18219,624,4,4,0
18286,1103,8,8,0
18145,1089,12,12,0
18052,1323,27,19,8
18199,1639,8,8,0
18089,1194,7,7,0
18083,504,16,13,3
18044,947,4,4,0
18018,2485,5,5,0
18265,617,5,5,0
18065,883,9,9,0
18241,2310,26,19,7
18163,1249,11,7,4
18283,832,3,3,0
18011,1817,24,21,3
18230,1029,4,4,0
18204,1843,9,9,0
18133,1090,24,24,0
18282,1561,12,12,0
18247,1645,10,9,1
18092,6249,18,8,10
18255,1723,1,1,0
18272,1048,12,12,0
18084,1470,4,4,0
18216,1335,6,6,0
18192,610,2,2,0
18278,893,9,9,0
18036,1611,7,7,0
18154,489,4,4,0
18059,748,11,9,2
18076,1855,4,4,0
18091,1064,3,3,0
18030,1843,12,12,0
18117,1271,7,7,0
18001,1522,6,6,0
18259,1622,8,8,0
18124,1292,4,4,0
18176,1222,7,7,0
18284,1042,9,9,0
18212,1348,5,5,0
18115,5702,15,15,0
18102,1550,9,9,0
18167,1043,9,9,0
18137,877,11,11,0
18228,2054,2,2,0
18217,256,1,1,0
18180,1674,18,18,0
18161,275,2,2,0
18229,881,5,5,0
18075,1406,7,7,0
18047,727,5,5,0
18050,2203,21,21,0
18263,857,4,4,0
18169,1637,1,1,0
18156,1389,3,3,0
18268,456,3,3,0
18041,1223,4,4,0
18118,1122,8,7,1
18234,758,12,12,0
18144,855,6,6,0
18143,1007,5,5,0
18077,327,2,2,0
18183,809,2,2,0
18231,1796,4,4,0
18271,3459,18,13,5
18017,406,3,3,0
18026,1672,17,17,0
18098,1216,4,4,0
18038,1056,6,6,0
18112,682,3,3,0
18280,1673,7,7,0
18223,1212,21,21,0
18005,2033,14,14,0
18006,3265,1,1,0
18270,714,7,7,0
18153,1438,2,2,0
18188,602,2,2,0
18019,849,5,5,0
18262,1936,6,6,0
18062,1657,4,4,0
18101,1069,6,6,0
18066,675,13,10,3
18187,916,15,15,0
18070,690,5,5,0
18179,1684,7,7,0
18099,425,2,2,0
18004,1242,12,12,0
18129,1838,2,2,0
18235,1243,12,12,0
18195,1113,3,3,0
18189,1721,3,3,0
18116,1079,4,4,0
18016,1249,3,3,0
18209,2476,8,8,0
18043,1413,3,3,0
18248,1435,4,4,0
18173,1217,4,4,0
18201,1384,12,12,0
18142,1173,10,10,0
18168,424,3,3,0
18109,1882,25,18,7
18252,1121,10,10,0
18210,744,6,6,0
18014,1133,5,5,0
18238,712,3,3,0
18220,2179,6,6,0
18269,1062,10,8,2
18121,495,1,1,0
18190,1115,11,11,0
18128,278,3,3,0
18211,2022,5,5,0
18064,956,9,9,0
18257,1151,8,8,0
18063,864,3,3,0
18122,1480,3,3,0
18080,1076,1,1,0
18073,1330,9,9,0
18100,612,10,10,0
18184,1145,6,6,0
18198,1215,2,2,0
18151,1124,8,8,0
18136,269,1,1,0
18275,644,1,1,0
18232,811,2,2,0
18191,1332,4,4,0
18226,1328,1,1,0
18079,1287,6,4,2
18157,1491,7,7,0
18081,1129,5,5,0
18002,1030,3,3,0
18088,1173,3,3,0
18114,686,3,3,0
18227,581,9,9,0
18022,618,5,5,0
18135,933,5,5,0
18096,1322,10,10,0
18107,1633,1,1,0
18021,664,3,3,0
18049,1397,4,4,0
18120,1042,1,1,0
18164,1409,3,3,0
18246,1715,6,4,2
18149,972,2,2,0
18225,941,6,6,0
18130,719,2,2,0
18253,955,5,5,0
18040,547,1,1,0
18256,758,4,2,2
18010,1946,2,2,0
18104,787,1,1,0
18111,575,1,1,0
18266,1124,1,1,0
18254,1404,10,10,0
18196,872,2,2,0
18186,579,3,3,0
18039,28531,1,1,0
18051,456,2,2,0
18285,1505,3,3,0
18185,6267,4,4,0
18045,943,2,2,0
18013,1162,3,3,0
18224,963,4,4,0
18258,545,1,1,0
18274,1000,1,1,0
18069,272,1,1,0
18260,890,1,1,0
18048,1661,1,1,0
18061,298,1,1,0
18060,1086,3,3,0
18221,708,1,1,0
18162,1613,2,2,0
18166,1602,1,1,0
18276,1474,1,1,0
18024,409,1,1,0
18264,798,1,1,0
18182,238,1,1,0
19028,2009,42,15,27
19275,2601,95,51,44
19136,5144,30,19,11
19042,1308,3,3,0
19276,1443,39,24,15
19010,1374,47,28,19
19186,897,4,4,0
19101,951,11,8,3
19038,1263,13,13,0
19272,1648,131,44,87
19135,1175,3,3,0
19190,1293,2,2,0
19062,980,11,9,2
19146,1721,15,6,9
19231,1922,6,6,0
19181,1547,5,5,0
19148,1329,9,9,0
19159,1222,1,1,0
19143,1331,5,5,0
19237,1000,12,10,2
19173,870,4,4,0
19037,1214,16,14,2
19079,1657,11,11,0
19249,1149,11,11,0
19122,776,2,2,0
19250,1323,7,4,3
19007,1235,14,12,2
19020,4765,2,2,0
19061,1159,9,6,3
19131,1130,5,5,0
19090,880,1,1,0
19164,371,12,12,0
19036,1337,18,18,0
19052,912,2,2,0
19014,1404,2,2,0
19134,528,10,4,6
19045,861,2,2,0
19112,769,2,2,0
19140,1546,5,5,0
19211,1754,9,5,4
19065,2680,1,1,0
19269,1259,26,22,4
19056,450,1,1,0
19091,1827,7,7,0
19264,1271,6,6,0
19176,2802,14,14,0
19080,1470,4,4,0
19241,1179,4,4,0
19244,679,2,2,0
19064,1486,1,1,0
19203,4712,32,30,2
19220,1005,9,9,0
19129,1136,11,11,0
19041,1452,7,7,0
19192,1484,10,8,2
19225,2370,2,2,0
19125,1947,10,8,2
19073,1522,31,25,6
19145,1236,3,3,0
19235,1231,1,1,0
19075,1459,3,3,0
19009,1120,2,2,0
19102,1088,4,2,2
19251,758,3,3,0
19060,998,4,4,0
19213,1168,4,4,0
19089,1178,1,1,0
19108,346,3,3,0
19113,1433,13,13,0
19085,1463,2,2,0
19128,943,2,2,0
19259,1321,3,3,0
19149,931,2,2,0
19081,961,4,4,0
19083,2272,2,2,0
19001,2853,8,5,3
19110,2928,5,5,0
19227,1340,5,5,0
19199,875,2,2,0
19055,1066,2,2,0
19215,1304,6,6,0
19168,1017,3,3,0
19118,1065,12,10,2
19100,3530,12,4,8
19265,1079,11,11,0
19157,760,6,2,4
19165,505,8,8,0
19226,2174,3,3,0
19004,1705,3,3,0
19106,444,1,1,0
19208,510,1,1,0
19058,1181,6,6,0
19214,1741,3,3,0
19027,5327,1,1,0
19160,960,3,3,0
19069,869,3,3,0
19018,985,7,7,0
19247,970,1,1,0
19084,950,1,1,0
19033,597,6,6,0
19095,1050,3,3,0
19104,1917,4,4,0
19194,1767,2,2,0
19283,2787,3,3,0
19219,1562,1,1,0
19228,583,1,1,0
19096,1632,2,2,0
19098,875,4,1,3
19082,1389,6,6,0
19255,1184,7,7,0
19040,878,2,2,0
19051,1108,1,1,0
19031,2937,428,171,257
19252,1059,3,3,0
19030,1481,9,9,0
19161,1536,7,7,0
19182,1566,6,6,0
19070,1544,2,2,0
19285,1024,6,6,0
19072,1771,18,18,0
19212,1207,1,1,0
19270,6470,8,8,0
19011,2032,33,28,5
19116,3215,2,2,0
19024,1920,6,6,0
19078,1124,6,4,2
19174,1904,1,1,0
19274,2859,25,20,5
19240,2151,2,2,0
19147,1414,13,11,2
19094,1163,16,16,0
19120,2017,2,2,0
19151,1657,11,11,0
19188,1660,5,5,0
19029,3590,4,4,0
19123,1717,66,37,29
19229,2056,22,21,1
19015,1916,13,13,0
19019,1528,19,16,3
19121,1113,32,27,5
19245,2628,2,2,0
19138,1807,8,5,3
19119,1654,4,4,0
19076,986,4,4,0
19153,2038,35,25,10
19242,1012,3,3,0
19246,2159,15,15,0
19287,1275,1,1,0
19086,1208,2,2,0
19012,2297,1,1,0
19209,2439,1,1,0
19248,1358,5,5,0
19187,1994,5,5,0
19271,1482,3,3,0
19217,2345,1,1,0
19109,1430,4,4,0
19115,1429,4,4,0
19093,2113,8,8,0
19223,1906,1,1,0
19273,1463,6,6,0
19233,411,2,2,0
19216,1193,3,3,0
19063,1408,16,15,1
19289,1867,6,6,0
19261,931,1,1,0
19178,1478,8,8,0
19200,571,1,1,0
19005,1854,30,26,4
19202,1638,17,17,0
19068,1741,14,10,4
19013,1853,6,4,2
19162,2298,7,7,0
19193,5192,3,0,3
19043,2573,4,4,0
19243,1239,9,9,0
19066,1792,7,6,1
19114,178,3,3,0
19046,159,1,1,0
19152,1353,6,6,0
19207,1934,3,3,0
19023,1352,19,18,1
19049,1752,9,9,0
19132,7125,2,2,0
19253,5322,2,0,2
19021,1213,2,2,0
19163,2911,2,2,0
19191,1929,11,11,0
19234,1248,4,4,0
19222,700,1,1,0
19057,3206,7,7,0
19047,584,2,2,0
19097,2001,3,3,0
19107,2712,8,3,5
19278,2043,7,7,0
19180,1225,5,3,2
19196,1541,7,7,0
19117,1782,8,8,0
19144,2750,5,5,0
19067,1391,4,4,0
19201,286,1,1,0
19195,2429,6,6,0
19170,1368,3,3,0
19156,1536,3,3,0
19258,1420,1,1,0
19003,1967,4,0,4
19048,780,1,1,0
19105,2331,2,2,0
19288,1156,7,7,0
19124,1534,7,7,0
19286,667,8,8,0
19158,968,2,2,0
19022,2147,3,3,0
19230,1415,1,1,0
19044,1367,2,2,0
19260,1726,3,3,0
19184,5000,2,2,0
19280,1463,4,4,0
19126,2245,2,2,0
19254,2611,2,2,0
19035,747,1,1,0
19257,1815,2,2,0
19054,804,2,2,0
19239,1098,1,1,0
19025,1290,5,5,0
19169,1557,2,2,0
19050,1862,2,2,0
19154,650,2,2,0
19177,3846,2,2,0
21231,2572,4,0,4
21638,2284,2,2,0
21278,2864,2,2,0
21692,2785,2,2,0
21242,1463,1,1,0
22362,1697,16,14,2
22050,3518,119,40,79
22185,1867,23,23,0
22171,2154,20,20,0
22215,2120,41,35,6
22035,1638,4,4,0
22255,1450,6,6,0
22186,4061,35,24,11
22295,960,14,14,0
22079,1393,27,27,0
22234,1792,5,5,0
22122,962,5,5,0
22183,1024,21,21,0
22187,5247,82,58,24
22251,2992,35,31,4
22210,3320,15,15,0
22136,1514,52,42,10
22278,2208,326,112,214
22349,2019,9,8,1
22361,1731,5,5,0
22360,2067,31,21,10
22127,3595,15,14,1
22162,4011,69,35,34
22055,4463,37,29,8
22315,2432,2,2,0
22011,1445,7,7,0
22019,1472,7,7,0
22046,1344,62,62,0
22209,3952,22,19,3
22001,1180,2,2,0
22364,2259,19,16,3
22345,2831,14,14,0
22093,5632,105,64,41
22221,3325,31,26,5
22168,3796,68,38,30
22371,1393,6,6,0
22193,1621,25,21,4
22198,4052,20,19,1
22262,1916,26,10,16
22190,2272,17,17,0
22172,3979,28,11,17
22143,2898,19,13,6
22184,1295,19,18,1
22054,6805,37,25,12
22074,2536,6,6,0
22287,1121,6,4,2
22118,2275,24,23,1
22029,3261,5,5,0
22281,1645,8,8,0
22311,2207,7,7,0
22282,3710,31,17,14
22195,2105,15,13,2
22073,1347,4,4,0
22111,2155,3,3,0
22384,1055,6,6,0
22203,1425,29,27,2
22339,2228,7,5,2
22306,1297,2,2,0
22113,3436,129,72,57
22020,3778,18,12,6
22002,2432,11,11,0
22070,2093,45,27,18
22222,3489,57,53,4
22076,1745,5,5,0
22356,1910,10,10,0
22240,937,8,6,2
22048,1917,14,14,0
22263,2517,3,3,0
22084,1845,26,21,5
22166,3415,26,25,1
22323,2757,12,12,0
22004,1497,36,31,5
22299,2969,5,5,0
22194,2600,47,42,5
22081,2550,15,15,0
22237,2556,20,20,0
22106,2915,34,19,15
22246,1758,8,8,0
22176,1736,16,12,4
22220,1182,12,12,0
22179,3349,17,13,4
22135,830,13,13,0
22155,1424,10,10,0
22121,1599,12,11,1
22242,2686,6,6,0
22065,1859,6,6,0
22134,2745,20,19,1
22201,8886,10,7,3
22025,1140,26,21,5
22211,2102,19,13,6
22150,1315,4,4,0
22008,2382,13,13,0
22161,1917,6,6,0
22353,4493,28,21,7
22024,997,6,6,0
22325,3797,32,12,20
22258,2215,15,15,0
22219,1148,24,24,0
22322,995,3,3,0
22372,1800,8,8,0
22047,1087,12,11,1
22277,1236,9,9,0
22181,920,8,8,0
22223,2271,11,11,0
22137,876,12,12,0
22307,1979,15,15,0
22266,1094,30,29,1
22071,1964,2,2,0
22385,3010,9,7,2
22158,1096,19,19,0
22265,2340,5,5,0
22119,1309,4,4,0
22377,3184,3,3,0
22016,10702,4,3,1
22346,1413,3,3,0
22182,1919,8,8,0
22271,1786,5,5,0
22021,1416,4,4,0
22233,2289,17,17,0
22138,832,5,5,0
22018,1084,3,3,0
22256,2961,6,6,0
22032,2119,16,10,6
22110,1363,3,3,0
22218,3456,7,7,0
22163,1153,2,2,0
22206,1437,16,16,0
22283,2127,1,1,0
22324,2440,4,4,0
22085,1663,3,3,0
22264,2368,21,18,3
22272,2536,7,7,0
22225,1439,14,14,0
22275,794,12,12,0
22228,1618,8,8,0
22207,2025,18,12,6
22354,1424,14,14,0
22086,1998,3,3,0
22214,2790,35,32,3
22379,2655,5,5,0
22060,585,3,3,0
22333,1744,14,14,0
22087,1290,8,8,0
22216,999,7,7,0
22013,2638,9,9,0
22347,1892,9,9,0
22164,1502,12,10,2
22063,4799,6,6,0
22037,477,5,5,0
22189,978,2,2,0
22316,1273,10,10,0
22056,1815,8,8,0
22343,3435,23,13,10
22331,1383,3,3,0
22241,1887,6,6,0
22373,788,4,4,0
22243,1248,3,3,0
22344,1655,4,4,0
22366,880,2,2,0
22279,1627,7,5,2
22197,3236,10,9,1
22034,2268,18,18,0
22302,4462,11,10,1
22103,3310,8,5,3
22321,1031,14,14,0
22117,1613,16,10,6
22094,4098,5,5,0
22224,1606,5,5,0
22097,1923,16,16,0
22342,1914,6,6,0
22312,1520,3,3,0
22114,1043,13,13,0
22064,1236,12,12,0
22288,619,5,5,0
22057,1127,2,2,0
22083,739,7,7,0
22376,1126,13,13,0
22273,2468,24,24,0
22261,2738,2,2,0
22014,2445,5,5,0
22101,6096,10,4,6
22105,1750,4,4,0
22061,1441,9,9,0
22226,2391,12,12,0
22212,1656,8,8,0
22062,1853,2,2,0
22005,1282,10,10,0
22317,1450,6,6,0
22363,3800,9,9,0
22196,2248,8,8,0
22049,2282,4,2,2
22204,1747,11,11,0
22031,2150,7,7,0
22044,1832,4,4,0
22003,2160,1,1,0
22180,1592,16,16,0
22077,1721,7,7,0
22337,1536,10,10,0
22389,2371,21,17,4
22067,1464,13,13,0
22305,885,5,5,0
22267,928,5,5,0
22232,3272,13,13,0
22245,1400,5,5,0
22358,1637,1,1,0
22338,613,3,3,0
22217,1814,5,5,0
22099,1774,11,11,0
22090,1600,4,4,0
22131,2798,9,9,0
22350,1947,4,4,0
22327,5557,15,9,6
22059,1639,10,10,0
22213,2729,7,6,1
22249,800,5,5,0
22116,1629,10,10,0
22144,3204,8,6,2
22259,1961,12,11,1
22320,1235,5,5,0
22370,1666,4,4,0
22235,3693,2,2,0
22096,1955,4,4,0
22177,2803,3,3,0
22053,1033,4,4,0
22147,2266,14,11,3
22107,1181,9,8,1
22231,1534,8,8,0
22351,1339,5,5,0
22115,842,2,2,0
22157,1173,4,4,0
22149,1506,10,10,0
22039,1282,5,3,2
22075,1105,2,2,0
22152,2601,6,6,0
22248,1392,8,8,0
22280,2574,6,6,0
22012,2546,2,2,0
22390,2666,11,11,0
22170,1897,11,11,0
22294,998,12,12,0
22328,750,1,1,0
22169,1075,4,4,0
22274,2499,5,5,0
22146,2089,13,13,0
22042,2098,2,2,0
22033,1059,8,8,0
22045,1680,2,2,0
22200,2173,3,3,0
22368,2171,5,5,0
22250,2460,6,4,2
22160,917,1,1,0
22348,4241,11,11,0
22309,1307,1,1,0
22334,912,1,1,0
22229,1152,9,9,0
22208,1700,8,8,0
22202,934,9,9,0
22387,1597,6,6,0
22269,1063,2,2,0
22380,1963,3,3,0
22378,3333,1,1,0
22132,812,3,3,0
22098,2139,6,6,0
22174,3014,2,2,0
22153,2971,6,3,3
22145,1605,4,4,0
22383,714,1,1,0
22104,2026,5,5,0
22308,2419,2,2,0
22238,1941,1,1,0
22300,865,1,1,0
22293,1748,3,3,0
22239,1711,3,3,0
22178,2123,7,7,0
22313,1069,2,2,0
22236,736,2,2,0
22314,1328,4,4,0
22369,699,1,1,0
22027,963,3,3,0
22140,2305,5,5,0
22026,2194,1,1,0
22254,1734,4,4,0
22128,1087,10,10,0
22015,2575,11,11,0
22285,1383,1,1,0
22335,2048,6,6,0
22030,1213,10,10,0
22175,1943,1,1,0
22319,7772,8,2,6
22304,204,2,2,0
22095,2633,2,2,0
22388,2154,5,5,0
22124,1406,5,5,0
22052,888,1,1,0
22036,1053,2,2,0
22268,1286,2,2,0
22391,1331,7,7,0
22286,1618,3,3,0
22188,1577,2,2,0
22199,5763,4,4,0
22381,1941,2,2,0
22296,1207,1,1,0
22244,1257,2,2,0
22133,1006,2,2,0
22326,1668,1,1,0
22227,1592,3,3,0
22165,1684,6,6,0
22006,1464,1,1,0
22260,1354,1,1,0
22386,733,3,3,0
22375,1226,1,1,0
22023,759,1,1,0
22043,1170,4,4,0
22148,806,1,1,0
22040,1065,4,4,0
22318,1000,1,1,0
22088,1290,2,2,0
22341,1303,7,7,0
22028,1812,3,3,0
22291,3942,3,3,0
22091,1371,1,1,0
22257,1567,1,1,0
22332,1800,1,1,0
22156,1238,2,2,0
22310,1000,1,1,0
22009,2223,2,2,0
22340,1295,2,2,0
23015,1307,8,6,2
23124,1258,5,5,0
23067,1427,8,2,6
23017,16,1,1,0
23241,1085,5,5,0
23204,272,3,3,0
23131,1078,5,5,0
23176,1868,17,11,6
23192,994,18,18,0
23021,953,10,5,5
23095,833,10,8,2
23200,673,1,1,0
23168,1007,7,7,0
23019,1036,1,1,0
23258,1364,1,1,0
23036,906,8,8,0
23096,3320,70,25,45
23074,473,1,1,0
23106,612,1,1,0
23165,1763,10,10,0
23172,1045,1,1,0
23116,717,8,6,2
23140,404,7,7,0
23210,1199,2,2,0
23105,1526,7,3,4
23076,705,2,2,0
23061,884,8,5,3
23191,1377,1,1,0
23207,173,6,6,0
23008,855,20,11,9
23102,775,1,1,0
23049,455,2,2,0
23118,2074,2,0,2
23236,816,3,3,0
23091,583,4,4,0
23155,985,4,4,0
23086,1114,4,4,0
23056,1016,9,9,0
23081,440,1,1,0
23219,858,5,5,0
23025,1087,12,9,3
23084,591,3,3,0
23220,993,4,4,0
23001,1015,6,6,0
23235,929,6,6,0
23254,523,2,2,0
23249,996,5,5,0
23177,1200,4,4,0
23181,94,1,1,0
23227,375,1,1,0
23146,1457,2,2,0
23066,585,5,5,0
23221,1128,1,1,0
23012,1540,3,3,0
23216,982,1,1,0
23003,982,2,2,0
23257,1823,5,5,0
23048,237,2,2,0
23072,1197,3,3,0
23039,947,4,4,0
23087,1091,4,4,0
23030,1058,16,7,9
23093,2659,10,10,0
23108,804,2,2,0
23065,1002,4,4,0
23247,828,8,8,0
23145,1140,2,2,0
23132,829,6,6,0
23174,1037,5,5,0
23080,859,1,1,0
23149,1497,4,1,3
23035,327,2,2,0
23189,791,10,10,0
23027,1032,5,5,0
23047,1696,1,1,0
23103,516,7,7,0
23154,1623,3,3,0
23259,1454,2,2,0
23229,1136,3,3,0
23209,572,4,4,0
23050,1714,5,5,0
23167,511,1,1,0
23004,661,5,5,0
23190,312,1,1,0
23217,822,2,2,0
23115,1361,3,3,0
23225,480,1,1,0
23029,880,3,3,0
23002,864,9,9,0
23253,677,2,2,0
23104,754,2,2,0
23133,897,3,3,0
23151,866,3,3,0
23123,1447,3,3,0
23013,1083,5,4,1
23070,3470,9,9,0
23239,1386,4,4,0
23130,683,4,4,0
23193,1365,2,2,0
23112,1140,5,5,0
23228,646,1,1,0
23063,478,2,2,0
23101,286,1,1,0
23073,629,1,1,0
23038,1260,2,2,0
23188,609,5,5,0
23252,1600,1,1,0
23069,1250,1,1,0
23182,746,2,2,0
23136,365,2,2,0
23024,1336,6,6,0
23032,1057,2,2,0
23223,826,3,3,0
23031,1511,11,6,5
23026,1271,3,3,0
23006,1886,1,1,0
23242,2733,1,1,0
23264,441,1,1,0
23211,1239,4,4,0
23194,93,1,1,0
23143,746,1,1,0
23139,986,6,6,0
23199,62,3,0,3
23107,231,1,1,0
23232,591,2,2,0
23180,1193,2,2,0
23060,2114,3,3,0
23197,417,1,1,0
23075,955,4,4,0
23090,602,2,2,0
23033,1347,3,3,0
23245,1525,9,7,2
23261,1166,3,0,3
23230,769,1,1,0
23092,404,1,1,0
23215,1488,1,1,0
23137,411,1,0,1
23007,1250,1,1,0
23113,250,1,1,0
23111,317,1,1,0
23089,1288,2,2,0
23062,261,4,4,0
23262,384,1,1,0
23082,2285,3,3,0
23054,972,1,1,0
23142,724,2,2,0
23243,568,1,1,0
23213,2062,1,1,0
23064,3579,2,2,0
23141,2015,2,2,0
23166,508,2,2,0
23099,954,3,3,0
23051,1102,1,1,0
23173,1058,1,1,0
23185,343,1,1,0
23083,408,1,1,0
23023,882,1,1,0
23144,1350,1,1,0
23214,2400,1,1,0
23042,641,2,2,0
23205,629,1,1,0
23044,237,1,1,0
23041,303,1,1,0
23043,1170,1,1,0
23028,686,1,1,0
23248,1178,1,1,0
23046,149,1,1,0
23218,300,1,1,0
23077,1662,1,1,0
23127,333,1,1,0
23057,333,1,1,0
23195,542,2,2,0
23240,917,2,2,0
23255,1042,1,1,0
23244,654,1,1,0
23100,624,4,4,0
23005,1105,2,2,0
24292,1377,4,4,0
24037,2633,204,133,71
24259,1265,16,16,0
24138,1660,45,37,8
24572,1386,1,1,0
24511,1008,2,2,0
24172,2792,6,2,4
24510,2323,4,4,0
24253,1343,24,24,0
24436,1448,5,5,0
24322,4651,220,66,154
24547,1649,38,28,10
24145,3085,19,19,0
24293,1257,4,4,0
24229,1131,6,6,0
24551,2119,25,13,12
24442,1435,11,9,2
24182,2111,13,13,0
24294,2107,54,48,6
24372,1201,13,11,2
24450,2833,6,6,0
24454,1398,7,7,0
24360,5803,6,6,0
24001,1695,9,9,0
24418,1529,7,7,0
24417,1213,8,8,0
24097,596,4,4,0
24227,1400,8,4,4
24527,1000,10,10,0
24028,2111,12,12,0
24152,3324,9,9,0
24142,1540,10,10,0
24040,1451,15,9,6
24188,1738,15,15,0
24299,1252,31,25,6
24412,2735,11,9,2
24207,2128,6,6,0
24520,2961,60,36,24
24032,85,1,1,0
24312,6173,29,14,15
24035,969,8,6,2
24472,1265,3,3,0
24362,3035,21,21,0
24167,1835,30,29,1
24534,1400,10,10,0
24335,2205,19,18,1
24553,1487,10,10,0
24557,1978,51,35,16
24350,1557,8,8,0
24218,2349,19,19,0
24291,7965,16,13,3
24376,2426,15,12,3
24526,1129,10,8,2
24193,3213,3,3,0
24096,1725,4,4,0
24558,1494,6,6,0
24352,2208,45,22,23
24296,1696,7,7,0
24034,1201,5,5,0
24419,1893,9,9,0
24130,1935,6,5,1
24183,1325,1,1,0
24026,1775,24,24,0
24465,1432,2,2,0
24194,1640,9,9,0
24020,4718,8,7,1
24102,1801,17,14,3
24179,1959,4,4,0
24008,701,3,3,0
24297,3030,20,15,5
24134,1194,6,6,0
24289,1399,14,14,0
24507,1214,2,2,0
24104,1778,4,4,0
24100,1149,3,3,0
24491,4340,6,6,0
24543,1254,8,8,0
24022,4126,11,11,0
24067,2485,18,18,0
24559,2600,1,1,0
24077,1496,3,3,0
24027,1212,2,2,0
24330,1601,5,5,0
24053,2274,32,31,1
24273,1721,4,4,0
24243,1219,14,14,0
24274,1641,3,3,0
24115,1645,6,6,0
24162,2046,7,7,0
24381,1424,4,4,0
24356,2042,10,10,0
24139,1973,8,8,0
24256,1313,37,19,18
24295,1552,8,8,0
24565,1735,3,3,0
24200,2385,5,5,0
24479,3139,9,7,2
24311,1154,16,13,3
24098,2015,18,17,1
24453,1229,3,3,0
24396,2863,20,17,3
24267,1322,1,1,0
24409,1558,5,5,0
24425,2584,3,3,0
24269,1325,6,6,0
24549,3577,4,4,0
24460,588,1,1,0
24137,1643,6,6,0
24370,1355,12,12,0
24340,2469,28,28,0
24437,2016,2,2,0
24070,1614,7,7,0
24016,1843,14,13,1
24328,1071,19,19,0
24081,1603,7,5,2
24226,1784,7,7,0
24323,1938,1,1,0
24473,1540,4,4,0
24490,1470,12,12,0
24309,3594,11,11,0
24002,1098,9,8,1
24101,1297,7,7,0
24533,641,1,1,0
24222,1921,15,15,0
24157,2055,9,9,0
24414,2025,2,2,0
24015,4999,3,3,0
24341,2076,7,7,0
24225,1912,21,21,0
24237,2594,15,15,0
24261,1836,7,7,0
24529,2258,1,1,0
24382,2166,2,2,0
24007,2312,4,4,0
24540,1781,7,7,0
24320,2026,9,9,0
24009,1887,3,3,0
24110,1667,2,2,0
24264,1925,27,27,0
24353,1092,7,6,1
24451,1158,8,8,0
24580,1296,4,4,0
24019,1409,3,3,0
24180,951,2,2,0
24550,16559,7,7,0
24303,1441,7,7,0
24519,1157,5,5,0
24463,638,2,2,0
24246,2344,4,4,0
24068,1718,16,16,0
24080,1394,4,4,0
24223,2405,28,25,3
24010,1629,6,6,0
24468,1491,1,1,0
24083,261,2,2,0
24568,1325,13,12,1
24480,1708,1,1,0
24302,2451,2,2,0
24030,911,2,2,0
24577,2531,5,5,0
24366,3496,4,4,0
24392,1877,4,4,0
24064,2612,24,24,0
24426,952,1,1,0
24212,995,2,2,0
24048,1967,5,5,0
24571,1750,12,11,1
24371,2161,8,8,0
24156,1725,7,7,0
24186,732,1,1,0
24364,2508,6,6,0
24508,1482,2,2,0
24373,1335,6,6,0
24177,2255,5,5,0
24348,1515,2,2,0
24563,2172,2,2,0
24254,2630,2,2,0
24216,952,1,1,0
24449,2778,9,9,0
24329,1841,11,11,0
24247,1664,4,4,0
24338,3249,3,3,0
24140,6436,11,11,0
24129,1582,8,8,0
24221,1,1,1,0
24574,2173,2,2,0
24095,2517,6,6,0
24147,1347,13,7,6
24498,1327,11,11,0
24086,2175,4,4,0
24091,2331,4,4,0
24487,1521,9,9,0
24584,2226,3,3,0
24576,2164,5,5,0
24324,1646,6,6,0
24210,2049,16,10,6
24523,1520,5,5,0
24413,1493,4,4,0
24055,1486,7,5,2
24365,764,1,1,0
24133,1308,9,7,2
24263,1576,2,2,0
24251,2500,9,7,2
24082,10814,21,21,0
24321,687,3,3,0
24290,1557,2,2,0
24088,1478,2,2,0
24354,1256,11,11,0
24486,833,5,5,0
24199,1724,1,1,0
24248,2021,2,2,0
24014,1785,8,8,0
24106,5088,3,3,0
24155,1181,3,3,0
24196,2479,7,7,0
24164,1598,10,8,2
24317,2154,4,4,0
24355,2767,4,4,0
24313,1793,1,1,0
24516,2783,12,9,3
24512,3236,2,2,0
24224,2514,1,1,0
24336,2785,5,5,0
24143,1745,4,4,0
24107,1308,4,4,0
24567,1137,2,2,0
24466,1507,3,3,0
24432,1380,2,1,1
24074,4191,7,7,0
24325,701,1,1,0
24319,721,3,3,0
24153,518,1,1,0
24455,1263,7,7,0
24445,1964,3,3,0
24573,1044,4,4,0
24276,1362,5,5,0
24165,2042,1,1,0
24011,1776,2,2,0
24124,2298,6,6,0
24214,700,2,2,0
24525,3137,3,3,0
24238,1827,1,1,0
24038,386,1,1,0
24006,2138,2,2,0
24489,1564,6,6,0
24375,1495,2,2,0
24252,2359,4,4,0
24036,2450,4,4,0
24244,9868,7,7,0
24286,1431,3,3,0
24361,1380,7,7,0
24308,1284,3,3,0
24554,1088,4,4,0
24316,4767,14,14,0
24268,673,2,2,0
24012,2270,2,2,0
24334,1032,2,2,0
24493,1240,1,1,0
24471,2472,4,4,0
24073,1727,1,1,0
24438,1967,2,2,0
24168,1583,1,1,0
24148,1593,4,4,0
24284,1658,1,1,0
24531,2351,2,2,0
24331,1388,1,1,0
24085,4955,4,3,1
24359,1640,1,1,0
24410,1067,5,5,0
24245,969,1,1,0
24042,3068,3,3,0
24423,1111,1,1,0
24379,1404,3,3,0
24220,1701,6,6,0
24197,1951,5,5,0
24158,961,2,2,0
24063,1443,3,3,0
24564,2296,4,4,0
24150,4342,3,3,0
24236,1331,2,2,0
24586,1094,4,4,0
24209,1724,2,2,0
24277,1135,3,3,0
24582,586,1,1,0
24461,2449,8,8,0
24380,1801,5,5,0
24395,2653,1,1,0
24585,730,5,5,0
24452,2263,4,4,0
24562,1526,2,2,0
24075,3048,2,2,0
24059,1484,1,1,0
24505,1069,2,2,0
24536,1710,3,3,0
24126,2278,2,2,0
24462,1270,4,4,0
24421,727,1,1,0
24202,4587,2,2,0
24474,1645,1,1,0
24255,2692,1,1,0
24587,2903,2,2,0
24404,2338,3,3,0
24113,568,1,1,0
24408,675,1,1,0
24501,2545,2,2,0
24090,1218,2,2,0
24154,1336,5,5,0
24318,6393,4,4,0
24120,1543,2,2,0
24416,1572,1,1,0
24538,13188,4,4,0
24023,2022,10,10,0
24266,1106,3,3,0
24532,1586,3,3,0
24304,1764,4,4,0
24057,920,2,2,0
24488,12039,6,6,0
24301,2082,2,2,0
24428,545,3,3,0
24522,1968,3,3,0
24087,2351,4,4,0
24537,625,1,1,0
24346,2244,1,1,0
24228,1654,2,2,0
24060,12820,9,9,0
24174,3586,2,2,0
24441,2200,1,1,0
24054,1587,3,3,0
24349,1916,2,2,0
24386,1696,2,2,0
24144,4536,4,4,0
24004,2214,1,1,0
24398,1212,3,3,0
24071,587,2,2,0
24326,1314,1,1,0
24499,8874,2,2,0
24062,740,4,4,0
24434,1949,2,2,0
24108,1442,2,2,0
24555,1208,1,1,0
24025,1498,2,2,0
24288,1795,3,3,0
24494,1613,2,2,0
24280,879,1,1,0
24457,1147,2,2,0
24195,4003,2,2,0
24485,2004,3,3,0
24415,1646,4,4,0
24159,2071,1,1,0
24347,1932,2,2,0
24420,1882,1,1,0
24390,1750,2,2,0
24374,1320,1,1,0
24136,3080,1,1,0
24521,1375,2,2,0
24260,1156,1,1,0
24405,2438,2,2,0
24481,35182,2,2,0
24205,1524,3,3,0
24051,3518,2,2,0
24339,1785,2,2,0
24021,1274,1,1,0
24552,1451,3,3,0
24175,1936,2,2,0
24401,869,2,2,0
24119,699,6,6,0
24502,4445,2,2,0
24385,6562,2,2,0
24443,1889,1,1,0
24285,1519,2,2,0
24018,1882,1,1,0
24524,1000,2,2,0
24131,852,1,1,0
24282,1429,1,1,0
24541,2412,1,1,0
24132,2471,2,2,0
24459,1506,2,2,0
24056,504,1,1,0
24241,1685,1,1,0
24240,9731,3,3,0
24230,7046,6,6,0
25532,3121,7,4,3
25462,2735,51,6,45
25056,4409,455,58,397
25592,2507,1,1,0
25380,3809,21,7,14
25320,2399,3,0,3
25403,3369,9,2,7
25365,1730,1,1,0
25560,2664,9,6,3
25315,1047,11,10,1
25112,2097,7,3,4
25518,957,1,1,0
25527,3167,8,3,5
25212,3111,10,9,1
25036,1872,8,6,2
25219,2344,1,1,0
25411,2744,22,6,16
25258,2627,3,2,1
25495,2153,15,7,8
25142,4320,1,1,0
25307,3705,4,2,2
25201,3085,4,3,1
25122,3022,1,1,0
25060,1861,3,2,1
25400,1603,2,2,0
25110,2607,3,3,0
25147,7238,10,10,0
25459,2327,4,2,2
25332,2178,3,3,0
25271,3147,7,6,1
25254,2875,8,3,5
25321,3376,24,9,15
25381,4136,10,4,6
25594,2535,2,2,0
25058,3947,4,1,3
25268,1299,3,3,0
25032,2079,2,2,0
25451,2386,2,2,0
25473,2418,3,3,0
25264,792,2,2,0
25475,1187,2,1,1
25240,3295,8,5,3
25629,2400,1,1,0
25245,1282,2,2,0
25200,2828,7,6,1
25133,2760,5,3,2
25162,3025,1,1,0
25318,10481,15,1,14
25047,2506,21,7,14
25605,3345,4,2,2
25510,1572,2,2,0
25090,1004,1,1,0
25505,1573,5,4,1
25088,1598,1,1,0
25434,1764,12,3,9
25432,2820,5,1,4
25222,2224,4,3,1
25035,1953,5,3,2
25053,286,1,1,0
25354,769,1,1,0
25136,2826,1,1,0
25022,1489,5,5,0
25103,2337,2,2,0
25084,3049,2,0,2
25018,4159,2,2,0
25204,2799,7,3,4
25578,2329,18,13,5
25309,3107,5,4,1
25029,1687,1,1,0
25345,1545,4,2,2
25479,1770,5,3,2
25427,2267,2,1,1
25410,2978,1,1,0
25534,2875,1,1,0
25424,2660,3,1,2
25348,2898,4,2,2
25405,6661,4,0,4
25552,1386,1,1,0
25477,2483,4,2,2
25549,2459,2,2,0
25346,808,1,1,0
25438,2288,3,3,0
25259,2472,7,6,1
25361,3246,5,1,4
25349,1651,4,3,1
25565,2860,1,0,1
25186,1966,3,0,3
25197,739,1,1,0
25413,2603,9,5,4
25156,1859,7,2,5
25515,2439,1,0,1
25394,2060,2,2,0
25490,1663,2,2,0
25436,1536,2,2,0
25021,769,3,3,0
25184,703,1,1,0
25486,1785,1,1,0
25243,2263,1,0,1
25109,2524,3,3,0
25154,1236,1,1,0
25150,2094,2,2,0
25542,2834,4,3,1
25199,1208,1,1,0
25328,2948,2,2,0
25301,2282,1,1,0
25369,1256,3,1,2
25467,2380,6,3,3
25493,2543,7,3,4
25265,2262,2,1,1
25075,2984,2,0,2
25616,1507,1,1,0
25285,3350,4,2,2
25295,3892,1,1,0
25494,3985,1,0,1
25266,1209,1,1,0
25121,2531,1,0,1
25395,3294,3,3,0
25569,1754,3,1,2
25564,2295,5,5,0
25448,2160,1,0,1
25334,5460,5,2,3
25390,3416,3,1,2
25039,1955,1,1,0
25115,1884,1,1,0
25157,2619,4,1,3
25633,1851,2,2,0
25375,808,1,1,0
25189,1166,2,2,0
25612,1805,3,3,0
25360,3551,1,1,0
25111,2959,1,1,0
25223,3548,5,1,4
25002,1198,1,1,0
25537,243,2,2,0
25343,1602,1,1,0
25453,2055,2,2,0
25450,2077,2,2,0
25364,2901,2,2,0
25257,2438,3,3,0
25611,2058,1,1,0
25442,2518,1,0,1
25220,3874,2,2,0
25377,417,1,1,0
25293,2500,1,1,0
25333,2204,1,1,0
25601,1645,1,0,1
25324,923,1,1,0
25083,1237,3,3,0
25289,2572,2,2,0
25529,1990,1,1,0
25296,1882,1,0,1
25085,2394,1,0,1
25073,2137,3,2,1
25468,2627,1,1,0
25357,2992,1,1,0
25508,1356,1,1,0
25429,2672,1,1,0
25596,1139,1,1,0
25557,2950,2,2,0
25338,2917,1,1,0
25558,3557,2,0,2
25152,2386,1,1,0
25368,688,1,1,0
25323,1012,1,0,1
25100,2380,1,1,0
25202,2490,3,1,2
25262,3337,1,1,0
25535,549,1,1,0
25465,1839,1,1,0
25482,2255,1,1,0
25182,231,1,1,0
25276,2724,4,0,4
25015,2078,1,1,0
25242,1769,2,2,0
25172,2218,2,1,1
25628,1481,1,1,0
25263,4929,1,1,0
25362,2066,1,0,1
25226,1864,1,1,0
25019,1534,2,2,0
25070,333,1,1,0
25336,1000,1,1,0
25126,871,2,2,0
25488,1689,2,2,0
25499,2455,1,1,0
25149,2115,2,1,1
25598,2435,2,2,0
25145,618,1,1,0
25185,1505,2,0,2
25025,2405,2,2,0
25287,2135,1,0,1
25236,1943,2,0,2
25415,1969,1,0,1
25496,557,1,1,0
25313,1139,1,1,0
25079,1108,1,1,0
25001,1840,1,1,0
25300,2699,1,1,0
25570,1938,2,2,0
25209,1749,1,1,0
25397,1777,1,1,0
25031,1971,86,32,54
25388,8135,174,41,133
25127,2101,21,7,14
25425,3926,3,3,0
25159,1245,8,3,5
25463,1455,27,12,15
25580,1475,54,33,21
25356,2803,25,12,13
25074,2678,3,3,0
25048,1355,27,17,10
25547,979,16,4,12
25050,3100,6,6,0
25057,2050,20,14,6
25449,2835,4,2,2
25108,1963,1,1,0
25124,2357,4,1,3
25512,2846,19,9,10
25367,1449,33,23,10
25230,1812,21,18,3
25519,4077,11,5,6
25193,2747,11,3,8
25020,1970,4,2,2
25614,1311,25,15,10
25033,877,3,3,0
25237,2598,22,6,16
25190,1458,11,7,4
25539,2189,47,20,27
25304,1909,31,10,21
25632,3096,22,12,10
25174,1914,2,2,0
25095,1134,1,1,0
25555,1831,9,7,2
25004,2052,6,5,1
25524,1347,10,10,0
25214,1972,7,7,0
25059,1000,1,1,0
25187,1426,2,2,0
25393,1081,9,9,0
25284,1102,24,9,15
25314,275,1,0,1
25213,2590,2,2,0
25011,1391,4,3,1
25370,1954,11,8,3
25428,1709,8,7,1
25422,1154,3,3,0
25387,2274,3,3,0
25526,1426,11,3,8
25170,1813,4,3,1
25617,1819,7,5,2
25114,1353,4,4,0
25043,1630,10,6,4
25504,2600,1,1,0
25238,1225,1,1,0
25280,2927,4,4,0
25228,1541,15,10,5
25082,3461,9,3,6
25207,1801,4,4,0
25281,1057,3,1,2
25523,1783,8,8,0
25216,1844,5,5,0
25239,2053,2,2,0
25481,1712,1,1,0
25586,1879,2,2,0
25196,1381,7,4,3
25224,1719,5,5,0
25256,3003,4,3,1
25458,964,1,1,0
25188,1584,4,3,1
25275,1422,2,2,0
25351,1566,2,0,2
25255,1979,2,2,0
25615,2414,2,2,0
25378,786,2,1,1
25198,3848,18,5,13
25248,2270,4,2,2
25051,884,4,4,0
25063,1454,3,3,0
25391,3035,1,1,0
25286,1603,2,2,0
25091,1293,1,0,1
25469,1745,4,4,0
25571,7580,5,3,2
25138,1755,1,1,0
25290,3485,1,1,0
25322,1558,3,3,0
25191,1285,5,3,2
25452,1755,2,1,1
25335,1667,1,1,0
25583,842,1,1,0
25559,1844,2,2,0
25148,3700,1,1,0
25013,1875,1,1,0
25244,458,1,1,0
25071,4268,2,2,0
25062,2343,1,0,1
25433,74,1,1,0
25040,2194,3,0,3
25329,870,1,1,0
25350,1689,1,1,0
26198,2991,503,167,336
26362,5498,681,141,540
26281,2355,396,139,257
26360,2545,16,16,0
26110,2824,9,8,1
26235,2256,118,73,45
26197,3498,16,13,3
26329,2500,1,1,0
26220,5130,99,47,52
26301,2431,26,21,5
26088,2465,40,32,8
26243,2741,16,14,2
26114,16891,50,21,29
26113,3734,59,37,22
26165,3411,95,69,26
26028,2121,1,1,0
26014,2986,8,8,0
26218,3124,24,23,1
26263,5625,2,2,0
26011,2932,12,12,0
26355,3878,3,3,0
26006,3506,19,16,3
26347,2992,54,21,33
26149,2191,10,8,2
26004,2400,18,18,0
26086,1713,11,7,4
26058,2894,189,64,125
26325,3533,71,39,32
26261,2283,6,6,0
26332,2293,19,11,8
26124,2544,34,28,6
26057,2438,82,35,47
26064,3608,50,38,12
26208,6271,20,20,0
26041,2226,9,8,1
26357,3145,32,27,5
26115,3565,3,3,0
26108,3178,89,41,48
26037,2684,30,29,1
26275,2599,13,13,0
26231,2879,27,18,9
26056,1441,5,5,0
26252,2718,76,46,30
26140,2452,10,10,0
26206,2488,18,11,7
26146,3982,20,13,7
26106,2007,9,8,1
26191,2664,32,23,9
26033,2723,11,10,1
26207,3919,9,5,4
26129,1949,10,8,2
26167,2505,13,10,3
26216,2260,4,4,0
26324,6551,107,71,36
26138,2434,9,9,0
26183,3862,4,4,0
26166,5024,47,26,21
26038,4142,6,6,0
26169,3518,14,12,2
26005,2889,16,16,0
26116,2127,45,39,6
26008,2055,5,3,2
26101,5115,5,5,0
26307,1856,25,15,10
26142,1919,2,2,0
26182,2676,9,8,1
26278,2231,4,4,0
26348,3684,30,29,1
26148,2436,7,6,1
26083,2185,17,14,3
26233,1807,2,2,0
26290,2147,11,4,7
26381,2185,3,3,0
26284,3232,3,3,0
26345,3703,14,12,2
26247,1613,1,1,0
26333,3844,45,13,32
26071,2973,11,9,2
26118,2389,10,10,0
26010,2444,24,17,7
26173,4591,11,11,0
26314,1421,4,3,1
26203,2638,2,2,0
26367,2460,3,3,0
26155,2559,7,6,1
26215,2651,7,5,2
26063,3199,33,30,3
26293,1711,2,2,0
26213,2759,7,6,1
26054,3490,9,9,0
26024,2273,3,3,0
26079,2738,12,12,0
26049,2503,11,11,0
26185,2200,5,5,0
26081,3776,5,5,0
26119,2606,7,7,0
26212,1547,4,3,1
26250,2567,10,9,1
26178,2392,12,12,0
26084,2669,22,21,1
26295,3645,14,13,1
26358,2259,16,16,0
26249,2339,12,10,2
26067,1897,3,3,0
26189,2245,2,2,0
26139,2699,22,22,0
26271,2759,21,21,0
26188,6297,20,13,7
26069,1436,4,4,0
26211,4912,10,6,4
26013,3139,2,2,0
26364,1627,5,4,1
26306,1415,3,3,0
26312,1709,7,6,1
26123,1308,1,1,0
26305,1623,4,4,0
26121,2625,13,10,3
26078,2607,9,7,2
26085,2006,21,19,2
26253,1337,4,1,3
26072,2826,14,12,2
26070,3846,3,3,0
26125,2222,9,9,0
26353,2010,5,4,1
26251,3000,5,5,0
26264,1371,3,3,0
26313,5048,39,35,4
26273,4314,6,6,0
26337,2055,7,6,1
26340,1685,8,3,5
26339,3473,16,14,2
26060,938,1,1,0
26107,2234,5,5,0
26055,1874,4,4,0
26257,2387,6,3,3
26023,6908,6,5,1
26002,2306,27,27,0
26145,1781,8,8,0
26177,2561,8,8,0
26361,1472,4,3,1
26326,5237,15,12,3
26315,4187,7,6,1
26035,3764,9,8,1
26258,2421,9,9,0
26242,5357,4,4,0
26042,2529,8,8,0
26133,1014,3,3,0
26052,2810,5,5,0
26350,2220,2,2,0
26225,2186,2,2,0
26096,1760,11,11,0
26375,2156,1,1,0
26262,3575,3,3,0
26094,2327,11,11,0
26157,1616,2,2,0
26330,2321,9,9,0
26174,2683,5,4,1
26320,2117,7,7,0
26370,2274,3,3,0
26022,1885,1,1,0
26015,640,1,1,0
26160,1705,4,4,0
26368,3516,3,3,0
26126,2029,2,2,0
26292,880,1,1,0
26256,2379,3,3,0
26276,8818,4,4,0
26009,1865,9,9,0
26298,1103,4,4,0
26162,2258,17,13,4
26095,3145,5,5,0
26170,3030,23,21,2
26196,2992,13,13,0
26172,2102,6,6,0
26202,3302,7,7,0
26097,2782,5,5,0
26193,5015,13,7,6
26210,1827,8,8,0
26092,1815,11,7,4
26144,2542,16,14,2
26319,3153,6,5,1
26127,6956,3,3,0
26104,4296,3,3,0
26349,2458,2,2,0
26288,2141,7,7,0
26099,3066,4,4,0
26045,2700,21,16,5
26027,4079,4,4,0
26311,1968,2,2,0
26317,4032,10,7,3
26219,3205,7,7,0
26224,2705,4,4,0
26074,1648,6,4,2
26338,3155,26,22,4
26232,3351,4,4,0
26168,2136,12,10,2
26034,4479,6,6,0
26143,1552,8,8,0
26323,2489,6,5,1
26304,3226,1,1,0
26377,2900,10,10,0
26068,1835,1,1,0
26156,2475,9,9,0
26336,5063,3,3,0
26310,1594,1,1,0
26239,6063,2,2,0
26236,2627,2,2,0
26321,2700,4,4,0
26192,1250,1,1,0
26289,2672,11,8,3
26179,2505,8,8,0
26302,821,1,1,0
26244,4441,5,5,0
26205,1000,1,1,0
26318,2623,3,3,0
26342,3071,5,5,0
26246,1875,1,1,0
26100,2079,2,2,0
26087,2554,11,10,1
26200,1297,1,1,0
26032,4201,4,4,0
26379,2716,4,4,0
26103,2892,8,8,0
26016,5848,2,2,0
26031,2266,6,5,1
26153,1923,2,2,0
26001,3274,3,2,1
26039,1764,6,6,0
26176,3132,4,4,0
26093,2793,4,4,0
26234,2099,3,3,0
26047,2548,1,1,0
26327,2898,3,3,0
26025,2291,1,1,0
26102,4949,1,1,0
26073,3712,4,4,0
26135,333,1,1,0
26171,2264,2,2,0
26195,2201,2,2,0
26322,12282,7,6,1
26026,1659,2,2,0
26223,2677,3,2,1
26194,2134,1,1,0
26059,1740,2,2,0
26380,2099,2,1,1
26204,2291,1,1,0
26352,2182,3,3,0
26285,5010,5,5,0
26181,1353,1,1,0
26274,1722,1,1,0
26137,3052,3,3,0
26229,3435,1,1,0
26131,2425,2,2,0
26316,2276,1,1,0
26382,2925,2,2,0
26270,1008,1,1,0
26036,2494,2,2,0
26222,2013,1,1,0
26266,5533,1,1,0
26372,5200,1,1,0
26294,3272,1,1,0
26376,859,2,2,0
26046,3427,2,2,0
26180,5382,10,10,0
26112,2469,2,2,0
26356,1307,2,2,0
26259,1518,1,1,0
26136,1333,1,1,0
26248,1556,1,1,0
26154,991,1,1,0
26365,4200,1,1,0
26287,3048,6,6,0
26283,1471,1,1,0
26019,1603,1,1,0
26286,2435,2,2,0
26141,3309,1,1,0
26020,4665,3,3,0
26269,5593,2,2,0
26077,617,2,2,0
26199,1855,1,1,0
26341,1737,2,2,0
26277,5467,1,1,0
26344,2233,3,3,0
26161,3321,1,1,0
26122,2404,1,1,0
26351,1571,2,2,0
26134,4750,1,1,0
26065,3638,2,2,0
26163,2143,1,1,0
26240,2562,2,2,0
27376,2176,6,6,0
27595,2498,3,3,0
27169,2008,7,7,0
27056,2451,61,48,13
27536,900,2,2,0
27423,2223,4,4,0
27571,4975,7,7,0
27316,2513,11,11,0
27198,3746,39,28,11
27233,1846,7,7,0
27520,2152,4,4,0
27487,1592,4,4,0
27065,2071,29,20,9
27062,2038,13,13,0
27105,2011,12,12,0
27558,7613,4,4,0
27490,1132,1,1,0
27167,2380,6,6,0
27500,1470,3,3,0
27442,1377,1,1,0
27680,836,6,6,0
27540,2217,10,10,0
27140,1873,3,3,0
27467,3821,51,25,26
27052,2574,7,7,0
27580,2566,12,12,0
27375,2087,47,32,15
27681,3029,92,40,52
27413,1568,2,2,0
27275,2353,26,12,14
27045,3473,8,8,0
27064,2206,5,5,0
27284,3757,45,31,14
27220,2407,8,8,0
27333,1775,2,2,0
27327,2522,2,2,0
27229,3728,228,84,144
27502,1601,25,21,4
27598,1946,6,6,0
27181,2905,2,2,0
27242,1947,14,14,0
27289,1184,2,2,0
27077,2370,1,1,0
27446,2050,5,5,0
27230,2788,19,14,5
27524,2001,7,7,0
27599,2590,8,8,0
27193,2229,8,8,0
27301,1942,5,5,0
27213,2367,26,26,0
27152,2181,7,7,0
27335,3161,11,11,0
27361,1071,2,2,0
27353,2688,4,4,0
27110,1837,6,6,0
27207,1988,2,2,0
27103,2591,15,14,1
27428,2914,25,22,3
27466,1853,2,2,0
27656,1877,6,6,0
27669,1582,2,2,0
27561,1849,6,6,0
27507,2020,18,18,0
27662,1795,7,7,0
27514,1520,5,5,0
27183,2147,11,10,1
27278,2405,10,10,0
27701,1526,18,10,8
27073,2293,9,9,0
27654,2660,5,5,0
27082,1913,5,5,0
27616,2716,11,7,4
27451,2633,3,3,0
27469,3209,14,6,8
27667,1874,8,8,0
27282,1509,4,4,0
27597,2454,15,15,0
27212,2147,3,3,0
27493,2157,9,9,0
27456,2170,5,5,0
27290,2604,4,4,0
27453,1829,13,13,0
27666,1624,3,3,0
27311,2758,6,3,3
27215,2017,2,2,0
27351,3495,4,1,3
27350,2222,10,10,0
27343,2419,7,7,0
27246,2103,6,6,0
27627,2388,2,2,0
27013,3009,10,10,0
27564,2224,7,7,0
27090,2117,12,12,0
27617,2386,1,1,0
27448,3771,17,14,3
27368,1797,4,4,0
27016,2064,25,17,8
27010,2259,3,3,0
27464,2445,4,4,0
27123,2064,4,4,0
27231,2941,3,3,0
27674,1575,2,2,0
27252,1640,4,4,0
27358,2183,4,4,0
27099,1683,8,8,0
27026,2985,6,6,0
27679,2305,33,20,13
27059,2467,6,6,0
27629,1707,14,14,0
27485,1240,4,4,0
27643,1807,10,10,0
27584,2141,3,3,0
27238,2442,8,8,0
27263,2685,12,12,0
27386,2173,8,8,0
27454,1819,2,2,0
27158,2312,2,2,0
27505,2824,2,2,0
27374,1311,4,4,0
27554,3348,15,15,0
27243,2494,6,6,0
27582,2450,5,5,0
27191,2332,8,8,0
27180,2416,12,12,0
27474,2544,8,8,0
27338,2793,4,4,0
27089,1823,5,5,0
27548,2002,9,9,0
27127,1541,3,3,0
27032,1865,9,9,0
27591,3475,6,6,0
27022,2191,14,13,1
27170,4223,19,17,2
27112,2207,24,23,1
27640,1890,2,2,0
27261,2350,11,11,0
27185,1896,6,6,0
27050,1952,1,1,0
27051,2880,12,10,2
27189,1880,1,1,0
27331,3652,2,2,0
27165,1949,19,16,3
27201,2461,2,2,0
27101,2492,2,2,0
27475,1892,1,1,0
27457,1612,3,3,0
27133,1956,8,8,0
27576,1293,6,6,0
27419,1984,5,5,0
27294,2491,7,7,0
27116,3615,26,23,3
27001,1878,6,6,0
27622,1583,9,9,0
27279,2484,11,9,2
27516,1913,9,9,0
27125,1705,4,4,0
27173,2257,2,2,0
27299,3292,10,7,3
27324,2467,5,5,0
27038,2877,4,4,0
27668,1605,5,5,0
27696,5646,2,2,0
27341,2179,1,1,0
27247,1915,3,3,0
27339,2008,2,2,0
27552,1241,1,1,0
27407,2548,1,1,0
27155,1459,2,2,0
27527,2262,2,2,0
27611,3189,5,5,0
27646,1740,9,9,0
27071,1523,2,2,0
27528,2269,10,9,1
27307,1981,3,3,0
27685,1189,6,6,0
27355,2095,12,9,3
27398,3059,14,11,3
27179,1403,10,10,0
27306,2101,23,23,0
27543,1684,1,1,0
27463,2092,3,3,0
27365,1777,6,6,0
27438,7974,12,5,7
27693,1813,3,3,0
27638,2043,14,14,0
27670,2224,9,9,0
27005,1945,3,3,0
27522,2935,1,1,0
27563,2210,4,4,0
27430,670,1,1,0
27565,3891,5,5,0
27095,1756,4,4,0
27049,1951,33,33,0
27652,2304,1,1,0
27023,1982,3,3,0
27288,1790,5,5,0
27367,2651,8,8,0
27067,2085,7,7,0
27476,1760,3,3,0
27531,1153,1,1,0
27083,2098,6,6,0
27458,2090,6,6,0
27003,1959,6,6,0
27015,1804,5,5,0
27470,5450,15,1,14
27594,1918,2,2,0
27445,1949,4,4,0
27199,2433,1,1,0
27694,1385,2,2,0
27037,1769,5,5,0
27378,1943,6,6,0
27002,2057,9,9,0
27364,1996,4,4,0
27040,1375,2,2,0
27664,3195,2,2,0
27107,1758,3,3,0
27425,1455,9,9,0
27214,1406,5,5,0
27660,1504,1,1,0
27641,1349,2,2,0
27218,1805,4,4,0
27562,4173,9,7,2
27035,2593,3,3,0
27624,2250,2,2,0
27008,2234,4,4,0
27644,1972,5,5,0
27422,2161,6,6,0
27553,1495,2,2,0
27114,3772,7,7,0
27630,1855,2,2,0
27072,2316,7,7,0
27676,2082,9,9,0
27412,1999,8,8,0
27568,1685,3,3,0
27287,821,2,2,0
27348,1757,4,3,1
27633,1869,7,6,1
27390,2254,8,8,0
27504,2889,7,7,0
27323,538,2,2,0
27012,2473,1,1,0
27248,833,2,2,0
27209,1697,2,2,0
27337,833,1,1,0
27202,1555,2,2,0
27168,2333,2,2,0
27363,1698,2,2,0
27161,1831,4,4,0
27031,2453,2,2,0
27385,1688,7,7,0
27473,2109,10,10,0
27426,3946,2,2,0
27295,3026,2,2,0
27661,2057,4,4,0
27418,87,1,1,0
27415,2251,4,4,0
27541,2857,3,3,0
27608,1091,1,1,0
27397,3236,15,15,0
27650,2014,7,7,0
27542,962,2,2,0
27135,714,3,3,0
27340,2533,4,4,0
27665,1891,2,2,0
27009,1432,7,7,0
27036,1388,3,3,0
27525,2847,4,4,0
27070,2006,3,3,0
27347,2759,3,3,0
27157,1431,7,7,0
27436,1605,1,1,0
27623,2223,1,1,0
27285,1550,2,2,0
27075,1880,3,3,0
27625,2517,6,6,0
27578,1479,2,2,0
27496,2911,2,2,0
27346,2061,2,2,0
27044,1621,1,1,0
27151,3419,12,7,5
27612,1903,3,3,0
27241,1790,2,2,0
27226,3473,11,7,4
27377,2003,4,4,0
27567,1329,2,2,0
27271,2191,2,2,0
27239,2732,4,4,0
27435,4300,2,2,0
27477,1942,3,3,0
27085,2241,4,4,0
27508,1250,2,2,0
27322,1647,8,8,0
27700,2072,2,2,0
27014,2333,3,3,0
27217,1990,2,2,0
27104,1611,4,4,0
27069,1427,4,4,0
27589,2624,2,2,0
27137,1261,2,2,0
27156,1109,4,4,0
27108,2092,7,7,0
27235,1761,1,1,0
27119,1937,3,3,0
27313,1552,6,6,0
27224,2000,2,2,0
27411,2517,2,2,0
27138,2244,6,6,0
27604,3021,2,2,0
27144,2400,1,1,0
27577,1691,5,4,1
27498,1533,1,1,0
27533,871,1,1,0
27260,2069,2,2,0
27203,3869,4,4,0
27222,1308,3,3,0
27388,2557,5,5,0
27538,7187,7,5,2
27061,2962,5,5,0
27698,2000,2,2,0
27518,1872,5,5,0
27188,2327,2,2,0
27251,1146,3,2,1
27139,1615,1,1,0
27400,3025,3,3,0
27691,2213,2,2,0
27304,2500,2,2,0
27439,1771,3,3,0
27684,1774,1,1,0
27109,1822,1,1,0
27414,615,4,4,0
27266,1525,6,6,0
27645,1250,1,1,0
27047,1817,2,2,0
27602,2057,7,7,0
27603,2114,2,2,0
27332,1944,1,1,0
27097,1816,5,5,0
27632,2254,5,5,0
27205,821,1,1,0
27326,2399,3,3,0
27349,2925,3,3,0
27136,2765,1,1,0
27254,2307,3,3,0
27689,1963,1,1,0
27329,2182,2,2,0
27196,2154,3,3,0
27483,1524,2,2,0
27593,1975,5,5,0
27433,1643,2,2,0
27034,2146,1,1,0
27359,1091,2,2,0
27025,2627,3,3,0
27066,1665,4,4,0
27417,2279,1,1,0
27391,2038,6,6,0
27405,1455,1,1,0
27354,2631,2,2,0
27678,2057,1,1,0
27615,2708,1,1,0
27249,1841,3,3,0
27174,2887,8,8,0
27171,2634,2,2,0
27379,2147,5,5,0
27547,3617,4,4,0
27300,1682,3,3,0
27427,1438,1,1,0
27408,2333,1,1,0
27336,3553,6,6,0
27655,2140,8,8,0
27192,2750,1,1,0
27216,1613,2,2,0
27102,1789,5,5,0
27406,2518,3,3,0
27370,1942,4,4,0
27444,1000,2,2,0
27380,1597,2,2,0
27592,5041,3,3,0
27117,1722,2,2,0
27315,2198,3,3,0
27148,1696,2,2,0
27011,2059,6,6,0
27204,1325,2,2,0
27074,1968,2,2,0
27187,841,1,1,0
27310,3188,2,2,0
27020,1995,5,5,0
27280,1936,1,1,0
27200,2169,1,1,0
27677,1920,3,3,0
27048,1597,2,2,0
27620,3994,2,2,0
27317,2315,2,2,0
27649,1380,1,1,0
27534,2157,4,4,0
27342,3607,2,2,0
27511,2028,4,4,0
27486,1935,2,2,0
27658,889,2,2,0
27227,2543,3,3,0
27590,1473,2,2,0
27240,1452,4,2,2
27437,1273,6,6,0
27682,2233,2,2,0
27100,726,1,0,1
27208,2901,3,3,0
27421,3567,3,3,0
27017,1490,1,1,0
27434,5043,6,6,0
27389,1198,2,2,0
27043,1450,3,3,0
27447,1858,2,2,0
27120,1948,2,2,0
27162,1947,2,2,0
27618,2021,4,4,0
27042,1594,2,2,0
27054,1149,2,2,0
27106,1545,2,2,0
27550,2025,1,1,0
27126,1439,1,1,0
27210,1517,1,1,0
27480,1384,1,1,0
27404,1463,6,6,0
27517,2685,3,3,0
27556,2714,2,2,0
27147,1768,1,1,0
27635,1303,1,1,0
27320,1948,3,3,0
27258,2935,4,4,0
27286,1435,3,3,0
27113,2694,1,1,0
27219,2155,2,2,0
27302,2393,1,1,0
27269,7656,4,4,0
27587,1573,1,1,0
27267,4418,1,1,0
27424,1646,1,1,0
27237,2308,1,1,0
27393,9406,4,4,0
27512,574,1,1,0
27164,1760,2,2,0
27234,2219,1,1,0
27610,941,2,2,0
27063,4566,4,4,0
27118,1336,1,1,0
27360,2243,2,2,0
27546,1469,2,2,0
27124,4765,2,2,0
27259,1750,1,1,0
27319,1870,2,2,0
27277,7293,3,3,0
27053,1500,2,2,0
27055,1920,1,1,0
27130,938,1,1,0
27291,1806,2,2,0
27091,1919,2,2,0
28292,1979,11,11,0
28280,2737,188,63,125
28036,2684,15,14,1
28236,1396,19,19,0
28267,4197,12,11,1
28336,1735,4,4,0
28406,1785,13,13,0
28279,2667,34,23,11
28103,2081,98,77,21
28027,1177,34,34,0
28116,2874,30,25,5
28134,3802,288,117,171
28357,2372,11,11,0
28085,3285,463,122,341
28080,1323,7,7,0
28140,3922,68,23,45
28303,3542,6,6,0
28183,2050,6,6,0
28391,1625,24,18,6
28146,3724,8,7,1
28317,2626,9,9,0
28177,2278,9,9,0
28393,1879,22,20,2
28398,2619,12,12,0
28220,2641,48,33,15
28275,2556,14,14,0
28206,1855,8,8,0
28404,3225,62,54,8
28287,1662,9,7,2
28071,1114,12,12,0
28148,1581,7,5,2
28302,1320,6,6,0
28387,1190,13,13,0
28201,3690,19,16,3
28353,1213,7,7,0
28109,1651,4,4,0
28232,1660,10,10,0
28089,2784,31,15,16
28001,2222,29,29,0
28022,2075,8,8,0
28304,1491,8,8,0
28283,1282,11,11,0
28337,2288,21,19,2
28375,2014,5,3,2
28127,2243,23,23,0
28254,1940,5,5,0
28298,2428,42,32,10
28056,5413,21,16,5
28168,2795,32,27,5
28293,4567,14,14,0
28196,1877,25,23,2
28370,1405,6,6,0
28051,1582,66,60,6
28161,1783,19,19,0
28373,1240,43,43,0
28185,2845,7,7,0
28012,1198,57,57,0
28218,2217,107,46,61
28061,1482,37,31,6
28424,1805,17,17,0
28120,2148,15,15,0
28294,1832,5,5,0
28191,5091,24,21,3
28070,2748,18,16,2
28015,2480,60,45,15
28064,3955,13,13,0
28331,1669,15,15,0
28037,1468,4,3,1
28411,1382,5,5,0
28088,2107,125,96,29
28039,2103,13,12,1
28151,1618,4,4,0
28137,2156,9,9,0
28099,2024,8,8,0
28332,1994,12,12,0
28130,1478,11,11,0
28394,5325,12,12,0
28227,4194,39,29,10
28422,1745,35,33,2
28358,3532,20,20,0
28084,3212,7,7,0
28209,2504,44,35,9
28282,1543,3,3,0
28259,1133,2,2,0
28348,1854,35,33,2
28059,1339,21,17,4
28102,1502,6,6,0
28062,2536,10,10,0
28360,1780,10,10,0
28167,1552,11,11,0
28135,2660,10,10,0
28350,2427,5,5,0
28110,2703,25,12,13
28229,3743,242,51,191
28347,5856,19,18,1
28156,1285,5,5,0
28226,1471,13,13,0
28160,2352,12,12,0
28269,3190,13,12,1
28052,2471,13,12,1
28343,2623,3,3,0
28380,558,23,23,0
28284,2057,6,6,0
28173,1916,11,11,0
28403,2181,6,6,0
28122,2203,7,5,2
28098,8552,22,17,5
28377,2584,28,28,0
28194,6433,7,7,0
28339,1757,8,8,0
28334,2213,25,23,2
28013,2351,13,12,1
28405,2095,8,8,0
28385,2262,5,5,0
28034,2336,7,7,0
28047,1412,3,3,0
28096,2493,5,5,0
28249,2232,11,11,0
28321,3136,6,6,0
28094,2038,17,16,1
28389,1742,7,7,0
28189,1252,2,2,0
28425,2594,10,10,0
28400,2094,2,2,0
28329,984,4,4,0
28330,1179,14,13,1
28248,1549,14,14,0
28316,1369,4,4,0
28016,5627,3,3,0
28053,2243,2,2,0
28214,1956,48,34,14
28014,1750,2,2,0
28235,2439,5,5,0
28154,2157,9,9,0
28359,1854,51,50,1
28153,1735,1,1,0
28155,2640,2,2,0
28178,419,1,1,0
28170,2041,7,7,0
28208,2380,6,6,0
28124,4705,20,20,0
28095,2243,4,4,0
28364,1267,8,8,0
28007,3888,34,26,8
28010,1368,11,11,0
28274,1796,4,4,0
28352,2666,17,17,0
28223,2607,21,21,0
28239,2114,6,6,0
28104,2294,5,5,0
28187,2382,9,9,0
28055,3729,5,5,0
28368,2272,3,3,0
28175,1818,1,1,0
28033,4167,15,15,0
28378,2259,5,3,2
28395,2882,4,4,0
28079,1399,7,7,0
28202,2172,6,6,0
28176,1448,9,9,0
28371,2530,9,9,0
28409,1581,8,8,0
28225,1376,7,7,0
28417,4431,19,19,0
28192,5285,8,8,0
28171,1789,8,8,0
28285,1307,4,4,0
28057,1276,6,6,0
28024,14723,6,6,0
28313,3102,6,6,0
28136,4189,7,4,3
28324,1252,13,13,0
28246,2332,10,10,0
28075,1350,15,15,0
28068,1574,2,2,0
28188,2217,8,7,1
28396,2761,8,8,0
28048,1758,7,7,0
28256,1840,12,12,0
28415,2362,19,19,0
28018,1193,18,18,0
28325,1932,10,10,0
28023,2568,13,13,0
28349,2301,6,5,1
28199,1791,20,19,1
28388,2545,8,8,0
28111,1822,3,3,0
28363,2010,13,13,0
28251,2217,7,7,0
28021,3368,14,14,0
28309,1872,9,9,0
28231,1605,9,9,0
28144,1238,7,7,0
28342,4192,1,1,0
28164,1595,3,3,0
28397,1964,7,7,0
28222,1517,7,7,0
28271,1558,3,3,0
28351,1641,9,9,0
28263,1231,5,5,0
28291,3464,4,4,0
28203,2092,6,6,0
28211,1010,3,3,0
28257,2202,1,1,0
28031,1164,13,13,0
28382,1543,6,6,0
28423,2959,6,6,0
28390,1065,4,4,0
28026,1816,5,5,0
28247,2203,5,5,0
28372,4957,10,10,0
28049,2247,4,4,0
28046,7366,6,6,0
28198,1443,7,7,0
28172,2679,8,7,1
28219,1327,4,4,0
28092,2064,4,4,0
28401,1474,4,4,0
28233,1296,8,8,0
28213,1903,10,9,1
28113,2082,14,13,1
28278,2925,7,6,1
28322,2427,6,6,0
28355,4908,5,5,0
28354,2015,9,9,0
28362,1138,15,15,0
28006,2567,14,14,0
28419,2612,7,7,0
28341,4052,5,5,0
28129,1970,3,3,0
28180,2620,6,6,0
28050,2309,1,1,0
28107,1781,6,6,0
28335,1971,17,17,0
28234,1121,10,10,0
28200,1387,5,5,0
28008,1489,4,4,0
28369,2023,4,4,0
28190,1413,7,7,0
28158,3043,7,7,0
28212,2500,1,1,0
28300,837,2,2,0
28277,1483,6,6,0
28078,1653,3,3,0
28005,1393,7,7,0
28386,1681,12,12,0
28074,2481,12,11,1
28195,2426,10,10,0
28299,2800,4,4,0
28301,3361,6,6,0
28065,1434,5,5,0
28118,2711,9,9,0
28100,2371,1,1,0
28184,1833,5,5,0
28142,1209,4,4,0
28073,2945,3,3,0
28193,310,1,1,0
28366,5457,2,2,0
28273,1241,2,2,0
28326,1666,5,5,0
28281,2057,4,4,0
28374,1698,7,7,0
28243,1114,1,1,0
28319,1805,1,1,0
28149,1443,8,8,0
28058,1927,4,4,0
28090,1400,2,2,0
28333,732,3,3,0
28383,1747,5,5,0
28035,2508,4,4,0
28038,3195,3,3,0
28315,857,2,2,0
28306,1925,4,4,0
28296,1320,1,1,0
28081,1139,4,4,0
28162,1978,4,4,0
28147,1333,2,2,0
28004,2702,11,11,0
28286,1554,6,6,0
28392,5254,3,3,0
28252,1167,4,2,2
28091,2213,2,2,0
28242,1889,2,2,0
28290,3375,1,1,0
28132,1608,7,7,0
28123,1222,5,5,0
28054,1969,5,5,0
28265,817,4,4,0
28210,1831,6,6,0
28305,1269,1,1,0
28217,961,3,3,0
28030,2157,4,4,0
28169,2832,5,5,0
28407,636,3,3,0
28272,1409,1,1,0
28067,1746,1,1,0
28327,768,2,2,0
28264,1401,1,1,0
28365,2037,1,1,0
28072,1929,4,4,0
28082,2663,5,5,0
28117,2557,5,5,0
28216,1704,3,3,0
28270,3686,4,4,0
28003,1495,1,1,0
28029,1200,1,1,0
28344,715,1,1,0
28045,2364,3,3,0
28314,941,3,3,0
28077,1627,7,7,0
28105,1064,5,5,0
28253,2174,6,6,0
28108,1957,1,1,0
28240,1739,4,4,0
28408,1728,1,1,0
28379,1394,3,3,0
28367,2019,3,3,0
28308,2056,1,1,0
28060,2134,1,1,0
28245,4526,4,4,0
28119,786,2,2,0
28261,1666,5,5,0
28028,2526,1,1,0
28230,2572,3,3,0
28260,742,1,1,0
28139,1943,1,1,0
28421,1165,2,2,0
28221,469,1,1,0
28121,1068,2,2,0
28143,1665,3,3,0
28106,797,2,2,0
28410,2067,3,3,0
28041,2018,1,1,0
28086,3608,1,1,0
28126,1303,1,1,0
28025,1396,1,1,0
28418,1429,3,3,0
28197,6196,3,3,0
29232,2376,74,28,46
29003,2179,6,5,1
29125,1754,2,2,0
29281,2270,1,1,0
29029,735,1,1,0
29269,1349,4,4,0
29025,2469,1,1,0
29274,1473,10,10,0
29241,2311,11,8,3
29170,3324,9,9,0
29252,1299,1,1,0
29115,278,1,1,0
29085,7257,1,1,0
29158,3034,4,4,0
29053,2900,1,1,0
29037,6068,8,8,0
29220,2164,11,10,1
29256,1951,1,0,1
29216,2429,5,5,0
29173,1500,4,4,0
29135,2824,10,9,1
29046,2283,20,10,10
29240,2006,2,2,0
29233,2044,10,8,2
29042,2835,3,1,2
29120,1336,2,0,2
29165,2031,4,4,0
29006,2660,4,0,4
29123,909,1,1,0
29166,2282,1,1,0
29016,1236,2,2,0
29044,1315,2,2,0
29106,575,1,1,0
29039,2472,12,2,10
29136,2229,7,7,0
29161,3246,4,4,0
29278,1308,4,4,0
29175,2335,2,2,0
29169,1409,1,1,0
29229,2629,1,1,0
29027,1310,7,7,0
29227,707,5,5,0
29041,909,2,2,0
29172,1511,4,2,2
29081,1615,2,2,0
29162,793,4,4,0
29236,2486,3,0,3
29031,2059,4,3,1
29072,2879,4,4,0
29004,2208,6,5,1
29049,2564,2,2,0
29026,1307,2,1,1
29060,2737,3,3,0
29222,714,1,0,1
29051,2150,11,11,0
29020,1425,6,6,0
29013,550,1,1,0
29150,3551,3,2,1
29024,1152,7,7,0
29141,1573,1,1,0
29167,3000,1,1,0
29174,1970,5,5,0
29297,1635,1,1,0
29065,819,1,1,0
29090,1803,1,1,0
29217,1827,1,1,0
29008,705,1,1,0
29238,3067,1,1,0
29018,417,1,1,0
29197,3075,7,7,0
29293,2890,2,1,1
29168,1927,4,4,0
29225,2152,3,3,0
29272,3721,1,1,0
29152,698,1,1,0
29089,735,2,2,0
29214,3276,1,1,0
29171,2025,3,3,0
29058,3389,1,0,1
29108,2053,1,1,0
29005,1977,2,2,0
29284,2583,1,1,0
29230,1579,2,2,0
29062,2045,2,2,0
29302,1475,1,1,0
29134,678,1,1,0
29023,3608,25,20,5
29277,1305,6,6,0
29069,2414,17,17,0
29181,3175,10,10,0
29195,3181,32,31,1
29244,1842,1,1,0
29235,2833,25,20,5
29098,2547,4,3,1
29021,1702,5,4,1
29038,1482,5,5,0
29103,2690,44,17,27
29019,3436,552,88,464
29192,1761,8,8,0
29279,1692,9,9,0
29133,2778,1,1,0
29273,2257,6,6,0
29259,3263,21,8,13
29260,2573,16,11,5
29151,1971,49,16,33
29073,2749,4,4,0
29191,1505,10,8,2
29185,1604,7,7,0
29132,2634,11,11,0
29177,2717,7,7,0
29199,1804,10,10,0
29095,2134,4,4,0
29255,1814,3,3,0
29189,3776,36,27,9
29130,3070,6,6,0
29075,2463,36,29,7
29030,2265,17,13,4
29111,943,2,2,0
29213,1367,4,4,0
29155,4075,4,4,0
29105,2915,21,9,12
29100,1644,1,1,0
29212,2437,25,23,2
29010,276,1,1,0
29286,1225,2,2,0
29262,1112,4,4,0
29254,1660,7,5,2
29204,1155,6,6,0
29276,1128,4,4,0
29237,1696,9,9,0
29264,2088,1,1,0
29086,1614,5,5,0
29011,2103,5,5,0
29188,2414,11,9,2
29209,2225,6,6,0
29184,1069,5,5,0
29097,1397,5,5,0
29137,2610,9,8,1
29295,2064,1,1,0
29207,2246,5,5,0
29047,1877,3,3,0
29117,1327,11,10,1
29248,2318,6,6,0
29074,991,3,3,0
29210,1230,6,6,0
29055,2602,5,5,0
29040,3478,5,5,0
29208,3602,5,5,0
29124,1961,25,22,3
29221,2647,1,1,0
29288,1780,4,4,0
29059,3659,2,2,0
29270,1983,5,5,0
29190,2524,15,9,6
29109,1808,3,3,0
29239,2746,9,3,6
29112,2137,6,6,0
29178,3780,23,14,9
29116,2802,1,1,0
29061,2653,11,9,2
29271,1232,7,7,0
29082,3881,3,3,0
29144,1340,6,2,4
29080,2408,6,6,0
29160,3744,25,19,6
29131,750,1,1,0
29093,2033,5,5,0
29202,857,3,3,0
29182,2416,3,3,0
29246,171,1,1,0
29015,1897,11,11,0
29119,2607,5,5,0
29299,2194,1,1,0
29287,1839,3,3,0
29140,2937,3,3,0
29290,2191,4,4,0
29101,2378,4,3,1
29067,2099,6,6,0
29045,2202,6,6,0
29078,2685,5,5,0
29077,2569,2,2,0
29294,1714,3,3,0
29266,1597,3,3,0
29128,1333,1,1,0
29076,2034,6,6,0
29301,1541,1,1,0
29091,1931,3,3,0
29245,2368,7,7,0
29068,1692,4,4,0
29163,2326,8,8,0
29179,2555,4,4,0
29251,2214,1,1,0
29017,3379,4,4,0
29206,2067,4,4,0
29268,2631,3,3,0
29056,2551,4,4,0
29034,1188,1,1,0
29198,2172,3,3,0
29193,1109,1,1,0
29094,1267,2,2,0
29148,1688,3,3,0
29099,1933,2,2,0
29183,1781,2,2,0
29113,1570,3,3,0
29180,985,1,1,0
29156,1016,1,1,0
29035,1833,2,2,0
29196,2098,1,1,0
29079,1555,1,1,0
29043,1819,1,1,0
29186,500,1,1,0
2A247,6958,120,60,60
2A130,6161,32,16,16
2A288,5519,8,7,1
2A004,4466,326,14,312
2A065,4773,7,2,5
2A103,4126,13,12,1
2A262,1052,1,0,1
2A271,2818,13,5,8
2A249,7191,44,5,39
2A090,2243,4,0,4
2A312,3996,5,1,4
2A048,4095,11,5,6
2A348,5389,13,6,7
2A279,3600,1,0,1
2A041,8680,22,13,9
2A001,11634,25,9,16
2A228,16256,18,12,6
2A028,1333,1,1,0
2A114,5237,9,7,2
2A211,2947,6,5,1
2A212,4724,4,2,2
2A006,5185,21,17,4
2A032,4772,17,16,1
2A362,12063,35,26,9
2A060,1095,1,0,1
2A038,3231,1,1,0
2A154,1000,1,0,1
2A163,3069,3,2,1
2A098,25573,18,9,9
2A324,4995,2,1,1
2A357,1000,1,1,0
2A269,6062,5,4,1
2A272,3217,20,7,13
2A008,7914,12,8,4
2A300,5129,11,10,1
2A118,2427,3,3,0
2A215,44829,8,8,0
2A031,2708,4,4,0
2A092,4493,9,5,4
2A040,2556,2,2,0
2A142,2368,1,0,1
2A132,2399,3,1,2
2A189,4859,3,2,1
2A085,4165,7,5,2
2A139,6991,12,9,3
2A119,1197,3,1,2
2A276,4084,4,1,3
2A285,3181,3,1,2
2A198,1343,1,0,1
2A035,9576,2,2,0
2A284,714,2,2,0
2A209,3781,6,4,2
2A191,667,1,1,0
2A071,1801,2,0,2
2A017,3284,2,2,0
2A061,1279,4,0,4
2A070,5724,5,2,3
2A345,1040,1,1,0
2A278,575,1,0,1
2A186,900,1,1,0
2A062,3238,2,2,0
2A336,3754,1,0,1
2A351,5249,2,2,0
2A099,2750,1,1,0
2A021,1531,2,2,0
2A326,2154,1,0,1
2A295,2083,1,1,0
2A174,3125,1,0,1
2A330,375,1,1,0
2A323,3010,4,4,0
2A308,2349,1,1,0
2A349,4122,3,3,0
2A141,2321,2,2,0
2A158,2188,1,1,0
2A104,3742,1,1,0
2A026,3296,2,2,0
2A108,370,1,1,0
2A322,1200,1,1,0
2A232,3619,2,1,1
2A254,1111,1,0,1
2B346,2639,5,1,4
2B354,1400,1,1,0
2B033,2922,102,6,96
2B120,3307,14,5,9
2B050,4116,24,2,22
2B096,3247,25,1,24
2B170,2363,2,1,1
2B148,2703,23,10,13
2B305,3941,16,5,11
2B313,2338,18,3,15
2B335,2177,1,0,1
2B116,1473,1,1,0
2B107,1658,3,1,2
2B043,3399,8,2,6
2B342,3060,4,4,0
2B328,2870,2,2,0
2B309,4648,4,2,2
2B343,2730,2,1,1
2B042,3482,29,8,21
2B077,3455,2,2,0
2B143,2851,7,0,7
2B134,4497,8,0,8
2B307,2815,3,0,3
2B185,6470,11,9,2
2B093,6021,1,1,0
2B009,3304,8,4,4
2B109,3093,3,1,2
2B261,2160,3,1,2
2B150,5458,5,2,3
2B353,3021,7,1,6
2B207,2634,5,2,3
2B168,5420,6,3,3
2B123,3223,8,4,4
2B316,8032,13,2,11
2B311,3716,3,3,0
2B355,1529,4,4,0
2B350,3375,1,1,0
2B037,3084,10,4,6
2B298,4111,5,0,5
2B210,1364,3,0,3
2B087,2655,5,2,3
2B327,1502,1,1,0
2B205,5588,8,4,4
2B301,7258,1,1,0
2B306,625,1,0,1
2B187,1700,1,1,0
2B195,3000,1,0,1
2B140,1400,1,0,1
2B039,605,1,0,1
2B318,2459,2,1,1
2B242,3946,5,4,1
2B299,1250,1,1,0
2B251,3203,5,4,1
2B172,1444,1,0,1
2B074,2350,1,1,0
2B162,1313,2,1,1
2B286,833,1,0,1
2B166,1857,1,0,1
2B283,422,3,0,3
2B188,3100,1,0,1
2B178,1875,1,0,1
2B281,14554,15,5,10
2B177,2204,1,1,0
2B152,2197,3,1,2
2B124,4427,2,0,2
2B226,2500,1,1,0
2B180,750,1,1,0
2B034,3986,2,1,1
2B049,3201,3,3,0
2B265,2661,1,1,0
2B106,2516,1,1,0
2B193,1000,1,0,1
2B341,3674,3,1,2
2B319,3344,1,1,0
2B176,2895,2,2,0
2B257,4000,1,1,0
2B002,2063,1,0,1
2B136,5554,2,0,2
2B086,11786,2,0,2
2B095,156,1,0,1
2B337,1176,1,1,0
2B059,1284,1,1,0
30189,3916,1802,479,1323
30010,6253,62,25,37
30072,2052,7,7,0
30133,5874,540,31,509
30032,2377,175,85,90
30159,3489,20,7,13
30132,1631,80,30,50
30011,3856,100,58,42
30179,2742,43,36,7
30278,4782,32,26,6
30047,3379,51,38,13
30007,2281,449,172,277
30237,2610,21,10,11
30062,3489,92,36,56
30145,2486,22,22,0
30028,2461,178,89,89
30225,2986,13,13,0
30171,1432,29,9,20
30034,2653,59,55,4
30334,4557,159,53,106
30055,2157,7,7,0
30258,2351,135,91,44
30117,6816,22,10,12
30029,2714,30,20,10
30202,2651,159,73,86
30150,2903,6,6,0
30350,2035,68,25,43
30210,3480,34,31,3
30345,1831,9,5,4
30142,1815,11,10,1
30274,3002,43,33,10
30136,3573,14,14,0
30356,2803,17,17,0
30276,3909,38,29,9
30174,4248,26,21,5
30003,4131,138,95,43
30120,3051,27,18,9
30073,3522,18,18,0
30317,2570,22,20,2
30070,3953,13,12,1
30024,1329,9,5,4
30305,1892,35,21,14
30241,2220,12,11,1
30122,7239,13,12,1
30128,14370,42,35,7
30039,4108,30,19,11
30214,3934,36,26,10
30233,2501,9,5,4
30275,2304,9,9,0
30041,3513,14,14,0
30308,3058,17,11,6
30164,1818,30,30,0
30037,1944,69,13,56
30112,3153,21,21,0
30147,2630,17,16,1
30259,2258,39,37,2
30168,3457,2,2,0
30342,4197,12,10,2
30352,3236,25,21,4
30299,4041,14,11,3
30263,3059,43,22,21
30341,4104,110,68,42
30268,4554,9,2,7
30116,2101,17,17,0
30135,2393,30,24,6
30015,1577,3,3,0
30321,3131,54,26,28
30030,2776,7,7,0
30245,2132,9,9,0
30279,2967,10,9,1
30243,2456,67,50,17
30286,3123,14,14,0
30315,3585,21,19,2
30227,1895,80,45,35
30012,4292,45,37,8
30254,2724,13,11,2
30085,3425,7,7,0
30115,2740,5,3,2
30234,2332,8,6,2
30351,4530,119,90,29
30267,2528,10,7,3
30231,1220,15,5,10
30092,3160,13,10,3
30091,3098,12,12,0
30347,2965,11,10,1
30006,3697,51,44,7
30182,2673,16,14,2
30339,2612,35,19,16
30298,1905,23,19,4
30211,4173,29,24,5
30207,3682,15,12,3
30217,4264,63,50,13
30271,3151,16,9,7
30019,4229,41,34,7
30169,2729,41,34,7
30198,3527,7,3,4
30152,2373,26,25,1
30230,1822,11,11,0
30277,2308,5,5,0
30125,3436,58,33,25
30082,3088,42,39,3
30156,2727,69,52,17
30166,2662,31,30,1
30273,2855,15,15,0
30155,2972,57,55,2
30226,2589,13,13,0
30052,2014,7,6,1
30083,3982,27,24,3
30266,2179,15,15,0
30056,4010,7,7,0
30061,2366,23,18,5
30009,1761,9,9,0
30209,3410,27,23,4
30185,3585,5,4,1
30285,3692,10,6,4
30229,1672,20,19,1
30053,2837,13,10,3
30075,3724,43,39,4
30311,7794,35,16,19
30295,2751,24,20,4
30223,3512,74,62,12
30102,2046,6,6,0
30284,2754,58,35,23
30325,2886,21,8,13
30130,5295,21,13,8
30221,2626,44,30,14
30330,2778,14,11,3
30255,2175,19,15,4
30313,2038,8,8,0
30098,2205,4,4,0
30196,2130,5,5,0
30206,2892,30,29,1
30138,3138,30,25,5
30004,6526,31,22,9
30033,2789,47,38,9
30336,2437,5,5,0
30269,4065,35,8,27
30149,2652,6,6,0
30059,4484,27,19,8
30057,3659,13,11,2
30191,2713,13,12,1
30049,2645,3,3,0
30232,2811,6,6,0
30036,3046,32,27,5
30095,2785,6,5,1
30242,2754,4,4,0
30165,4870,12,12,0
30158,2566,7,7,0
30079,919,8,8,0
30167,2539,19,17,2
30097,2866,5,5,0
30297,3409,4,4,0
30302,2634,21,21,0
30051,1472,11,8,3
30326,18979,28,17,11
30104,2505,10,10,0
30002,2429,9,9,0
30344,3303,27,23,4
30110,3428,10,10,0
30109,3220,2,2,0
30141,2692,51,47,4
30260,3020,9,9,0
30111,3975,6,6,0
30088,2902,5,5,0
30252,6995,6,3,3
30307,1553,26,7,19
30205,1894,3,3,0
30239,1594,7,5,2
30178,2931,10,8,2
30123,4960,33,24,9
30320,1860,3,3,0
30045,1098,5,4,1
30346,3149,15,15,0
30201,1188,11,9,2
30107,3698,8,8,0
30328,2811,12,10,2
30253,1980,17,14,3
30294,2336,59,45,14
30337,3041,7,7,0
30280,1430,6,6,0
30086,7194,6,6,0
30183,2343,13,11,2
30251,3048,5,4,1
30187,1462,5,3,2
30131,3920,23,20,3
30204,2439,5,5,0
30060,2826,32,20,12
30348,5051,31,22,9
30288,2050,17,9,8
30089,3036,19,17,2
30324,2689,8,8,0
30262,3222,8,8,0
30319,2591,8,8,0
30161,2746,7,7,0
30105,1941,7,7,0
30068,4092,13,13,0
30103,3069,6,4,2
30349,2207,5,5,0
30129,1874,9,9,0
30333,2853,44,30,14
30090,1445,15,11,4
30281,2477,17,14,3
30304,1978,3,3,0
30042,2522,21,21,0
30194,1570,9,9,0
30172,2092,9,4,5
30248,2323,4,4,0
30038,924,4,2,2
30353,2980,1,1,0
30256,2552,7,5,2
30127,2848,11,11,0
30144,3634,5,5,0
30188,2510,16,14,2
30303,25596,22,16,6
30228,2798,10,10,0
30173,2234,14,14,0
30170,2057,13,11,2
30026,2104,16,7,9
30146,3987,25,12,13
30018,2588,4,3,1
30186,3073,16,16,0
30151,30074,10,4,6
30044,1889,5,5,0
30014,3259,13,10,3
30293,3150,9,9,0
30134,4682,8,8,0
30216,2313,18,10,8
30180,2534,3,3,0
30035,2987,4,4,0
30218,1948,3,3,0
30016,1160,6,1,5
30177,2495,12,12,0
30192,1593,5,4,1
30247,6015,16,13,3
30046,2308,9,9,0
30084,2497,7,6,1
30331,2599,12,12,0
30081,2720,3,3,0
30257,2768,16,14,2
30099,2586,4,4,0
30080,1180,6,5,1
30067,3422,9,9,0
30008,2732,9,8,1
30197,2239,2,2,0
30212,2757,15,8,7
30094,2604,2,2,0
30200,2660,9,5,4
30250,3451,2,2,0
30222,18125,2,1,1
30054,929,1,1,0
30287,1507,5,4,1
30027,2961,22,22,0
30069,3441,2,2,0
30291,3111,5,5,0
30290,2506,13,13,0
30106,2723,13,13,0
30235,2586,8,8,0
30215,2669,5,3,2
30312,3700,12,8,4
30314,3465,5,5,0
30077,2878,16,10,6
30076,2786,7,6,1
30283,4599,3,3,0
30300,2089,2,1,1
30043,3085,5,5,0
30031,3568,2,2,0
30322,370,1,0,1
30101,2788,4,4,0
30013,3271,3,3,0
30244,3271,2,2,0
30020,2698,16,16,0
30316,2460,12,10,2
30140,1145,9,7,2
30058,2394,4,4,0
30148,2184,4,4,0
30162,4341,13,8,5
30065,2638,7,6,1
30184,3946,14,12,2
30306,1744,3,3,0
30096,4881,7,7,0
30238,2143,1,1,0
30355,2420,3,3,0
30272,2996,2,0,2
30093,2664,2,2,0
30309,2514,4,4,0
30126,1368,2,2,0
30340,2956,4,4,0
30021,3048,1,1,0
30261,1784,3,3,0
30203,2838,3,3,0
30338,1501,3,3,0
30176,2806,5,5,0
30175,4252,4,4,0
30270,2640,15,13,2
30163,4845,6,2,4
30023,4173,7,3,4
30040,1524,4,4,0
30087,7503,6,5,1
30143,2134,5,5,0
30048,2889,2,2,0
30071,3056,6,6,0
30114,2258,6,6,0
30296,5492,2,2,0
30249,4541,4,3,1
30292,3462,1,1,0
30219,5376,5,5,0
30193,2203,6,5,1
30354,2964,3,3,0
30301,2659,1,1,0
30332,1085,2,1,1
30343,2831,1,1,0
30064,1231,3,3,0
30265,2662,2,2,0
30119,2004,4,4,0
30282,2113,2,2,0
30154,1344,3,3,0
30220,18047,9,9,0
30100,2174,2,2,0
30329,2880,5,3,2
30181,1533,2,2,0
30264,2356,2,2,0
30025,4140,3,3,0
30066,2605,4,4,0
30139,1875,1,1,0
30022,2632,2,2,0
30310,2412,1,1,0
30113,4246,1,1,0
30160,1390,1,1,0
30224,3279,1,1,0
30236,2944,1,1,0
31044,3941,58,20,38
31555,4999,1978,262,1716
31036,4058,4,2,2
31584,2094,25,15,10
31293,2792,8,8,0
31507,2673,10,8,2
31291,2711,37,16,21
31506,2944,39,23,16
31182,3009,23,11,12
31057,3488,5,4,1
31557,4096,81,44,37
31116,2872,32,16,16
31186,2679,10,4,6
31113,3201,40,13,27
31117,3021,17,17,0
31445,3816,17,9,8
31389,3506,15,7,8
31066,2051,12,9,3
31341,2521,16,9,7
31069,3214,91,23,68
31157,2932,47,29,18
31228,1378,1,1,0
31488,3537,30,22,8
31202,3293,21,15,6
31297,2619,12,11,1
31573,2946,16,15,1
31035,4564,16,9,7
31417,2981,18,13,5
31160,2811,7,6,1
31079,2641,13,13,0
31091,3111,15,12,3
31384,2957,3,1,2
31149,2777,100,31,69
31396,2052,16,9,7
31093,2101,2,2,0
31587,2635,8,8,0
31561,3493,32,22,10
31282,2770,25,12,13
31032,2904,14,9,5
31424,3124,55,42,13
31515,2833,2,2,0
31150,3375,37,22,15
31480,3448,7,6,1
31232,3208,33,19,14
31429,3309,3,1,2
31169,3454,16,12,4
31579,2923,5,5,0
31056,3083,21,10,11
31374,1822,2,2,0
31358,3829,7,7,0
31118,2480,30,15,15
31048,2836,7,6,1
31541,2843,14,5,9
31100,1714,26,10,16
31351,3013,21,10,11
31439,4333,1,1,0
31194,2844,5,5,0
31210,1809,4,2,2
31094,2742,10,7,3
31526,2997,20,13,7
31383,3421,10,10,0
31446,3170,39,4,35
31026,1680,4,4,0
31156,2149,1,1,0
31364,3581,9,9,0
31381,2640,8,8,0
31273,3285,4,4,0
31409,3204,7,5,2
31230,2984,10,9,1
31581,3286,10,10,0
31285,3283,4,4,0
31451,1851,18,15,3
31102,3058,1,1,0
31433,3539,23,12,11
31516,2800,3,3,0
31161,3386,2,2,0
31563,3928,7,7,0
31346,3145,4,4,0
31022,3267,37,15,22
31582,2720,16,13,3
31252,3249,2,2,0
31054,2776,2,2,0
31328,3143,3,3,0
31136,2424,6,4,2
31366,2481,1,1,0
31003,3726,2,2,0
31053,3604,3,3,0
31462,2822,10,4,6
31410,2670,11,9,2
31254,3360,5,4,1
31089,2872,2,2,0
31220,2103,6,6,0
31205,2859,13,4,9
31407,2634,7,7,0
31215,3964,2,2,0
31592,2851,3,3,0
31401,2863,1,1,0
31311,2729,1,1,0
31212,2297,4,3,1
31566,3179,3,3,0
31413,2142,4,4,0
31356,3014,4,4,0
31259,3203,5,2,3
31004,2783,6,6,0
31163,2777,3,2,1
31077,1832,2,2,0
31551,2801,4,4,0
31284,3616,3,3,0
31575,5841,4,4,0
31491,2801,1,1,0
31277,2537,4,4,0
31184,4146,4,3,1
31553,2815,7,7,0
31082,2281,3,3,0
31097,562,1,1,0
31568,2927,2,2,0
31179,1466,2,2,0
31249,3061,4,4,0
31490,2755,18,12,6
31583,2074,4,4,0
31037,2680,4,3,1
31355,3809,4,4,0
31578,2006,4,4,0
31162,4058,3,3,0
31240,2939,3,3,0
31478,1468,4,4,0
31073,9184,6,6,0
31262,2471,1,1,0
31049,1401,2,2,0
31088,3253,8,6,2
31243,2354,1,1,0
31271,2466,6,5,1
31061,3378,1,1,0
31281,1690,2,1,1
31467,2301,2,1,1
31371,1992,2,2,0
31265,1438,3,3,0
31511,3789,1,1,0
31444,3042,3,3,0
31558,2336,4,4,0
31275,2400,1,1,0
31484,2847,7,7,0
31459,2997,1,1,0
31495,2568,1,1,0
31519,6736,2,2,0
31192,1627,1,1,0
31441,3147,4,4,0
31411,4031,3,3,0
31534,2353,3,3,0
31380,3009,3,3,0
31560,1922,3,3,0
31567,5250,2,2,0
31402,3755,3,3,0
31473,1452,1,0,1
31098,2035,3,3,0
31589,2300,1,1,0
31055,2760,1,1,0
31463,557,2,2,0
31106,1777,3,1,2
31171,5090,1,1,0
31512,4694,1,1,0
31126,2173,2,2,0
31211,3596,2,2,0
31304,2814,2,2,0
31120,3028,2,2,0
31338,3288,1,1,0
31025,4106,4,4,0
31395,3248,113,58,55
31299,2863,19,18,1
31174,1559,16,16,0
31588,2724,39,22,17
31134,915,1,1,0
31165,2669,37,27,10
31198,1601,2,2,0
31033,2098,51,36,15
31145,2270,17,14,3
31547,2634,30,21,9
31562,1256,2,2,0
31187,2808,51,29,22
31280,2300,1,1,0
31499,2352,41,28,13
31398,1222,2,2,0
31390,1085,17,7,10
31203,3290,36,17,19
31042,2569,83,7,76
31345,2611,9,9,0
31233,2120,1,1,0
31020,907,13,11,2
31481,2718,7,7,0
31018,918,1,1,0
31191,1699,3,3,0
31135,1708,34,19,15
31239,2234,16,9,7
31419,1635,1,1,0
31586,982,3,3,0
31231,2998,4,4,0
31572,3350,10,7,3
31513,1061,4,4,0
31483,2053,62,24,38
31500,2198,10,5,5
31486,2752,7,7,0
31314,2611,4,4,0
31458,3041,17,5,12
31287,2322,12,10,2
31427,1373,9,9,0
31359,2839,3,3,0
31193,2152,7,5,2
31170,1957,3,3,0
31247,1461,8,8,0
31248,3351,13,13,0
31002,2486,2,2,0
31455,2245,16,16,0
31085,2466,14,9,5
31041,752,2,2,0
31107,4046,31,21,10
31585,3666,6,3,3
31302,1669,4,4,0
31268,1878,2,2,0
31525,2750,2,2,0
31365,1765,4,4,0
31443,1758,2,2,0
31574,7678,17,7,10
31173,2625,5,5,0
31537,3190,2,2,0
31360,2785,4,2,2
31460,2877,10,6,4
31238,974,5,5,0
31224,3419,13,5,8
31470,1735,5,3,2
31261,3360,6,6,0
31466,2505,3,3,0
31475,1819,3,3,0
31246,1314,5,5,0
31028,1429,8,7,1
31109,2763,9,9,0
31303,2195,11,11,0
31181,2576,5,4,1
31086,909,1,1,0
31533,3082,9,9,0
31372,856,3,3,0
31503,1435,11,7,4
31245,1454,1,1,0
31324,2177,18,15,3
31430,2218,2,2,0
31208,2122,3,3,0
31306,1271,5,5,0
31075,2036,1,1,0
31420,2805,12,9,3
31229,1371,4,4,0
31457,740,7,5,2
31523,1580,16,14,2
31454,2696,12,5,7
31517,1628,6,6,0
31080,950,8,8,0
31399,2351,7,7,0
31269,1845,7,7,0
31218,611,1,1,0
31337,1374,3,3,0
31375,2418,25,16,9
31199,1096,1,1,0
31070,1295,1,1,0
31253,2180,7,5,2
31063,1781,2,2,0
31065,2231,11,10,1
31474,1456,2,2,0
31158,1643,4,4,0
31132,3587,2,2,0
31283,2083,1,1,0
31167,1333,6,6,0
31334,2532,6,6,0
31542,250,1,1,0
31412,1849,2,2,0
31221,1771,3,0,3
31544,2102,6,4,2
31236,913,3,3,0
31144,2430,8,8,0
31385,802,1,1,0
31482,2207,5,5,0
31175,1783,3,3,0
31476,2149,6,6,0
31315,784,5,3,2
31524,2295,1,1,0
31580,3520,1,1,0
31207,1015,3,3,0
31386,1071,3,3,0
31492,1818,4,2,2
31011,1689,2,2,0
31350,1575,2,2,0
31178,1117,1,1,0
31405,1210,2,2,0
31357,543,3,3,0
31349,1966,2,2,0
31083,1307,3,3,0
31114,588,1,1,0
31263,2260,7,6,1
31421,2712,11,5,6
31431,1196,2,2,0
31076,1647,3,3,0
31155,1172,6,6,0
31072,1587,4,4,0
31316,322,4,4,0
31391,1608,2,2,0
31373,2481,1,1,0
31361,2392,2,2,0
31104,1675,2,2,0
31336,1522,3,3,0
31565,311,1,1,0
31251,1371,1,1,0
31464,2735,2,2,0
31244,2285,2,1,1
31556,1894,5,5,0
31313,2000,1,1,0
31423,792,1,1,0
31206,1461,4,4,0
31219,1766,1,1,0
31128,2068,4,4,0
31237,959,1,1,0
31241,1908,1,1,0
31426,1604,3,3,0
31068,2923,1,1,0
31052,2746,6,6,0
31550,1400,5,5,0
31110,1900,1,1,0
31376,1840,3,3,0
31101,2289,2,2,0
31536,2424,1,1,0
31378,56,1,1,0
31130,1001,3,3,0
31138,656,1,1,0
31317,2128,3,3,0
31255,1080,2,2,0
31159,1724,3,3,0
31124,2010,7,7,0
31045,1561,3,3,0
31498,3213,2,2,0
31223,1000,1,1,0
31123,3021,1,1,0
31153,2136,3,3,0
31200,1180,1,1,0
31260,1277,2,2,0
31348,1364,1,1,0
31300,667,1,1,0
31027,1028,2,2,0
31147,2201,2,1,1
31487,6964,4,4,0
31408,590,2,2,0
31047,1794,1,1,0
31276,1083,5,5,0
31078,2031,1,1,0
31394,991,3,3,0
31305,1109,1,1,0
31190,900,1,1,0
31023,1428,3,3,0
31309,583,1,1,0
31122,2082,1,1,0
31108,1588,2,2,0
31067,1638,1,1,0
31017,1289,2,2,0
31320,2352,3,3,0
31188,2821,7,6,1
31520,2618,2,2,0
31382,2777,2,2,0
31535,1635,4,4,0
31051,2095,1,1,0
31471,1119,6,6,0
31528,1376,2,2,0
31318,1693,4,4,0
31084,1536,3,3,0
31131,773,1,1,0
31428,2104,1,1,0
31406,1477,2,2,0
31242,3030,1,1,0
31250,2547,2,2,0
31071,1164,1,1,0
31046,3815,1,1,0
31416,2058,1,1,0
31564,844,1,1,0
31012,1272,3,3,0
31321,1968,3,3,0
31494,1046,1,1,0
31139,850,1,1,0
31461,1270,1,1,0
31379,2304,1,1,0
31005,1630,2,2,0
31176,1397,1,1,0
31425,1552,1,1,0
31050,1713,1,1,0
31505,1250,1,1,0
31226,978,1,1,0
32098,1887,1,1,0
32451,1898,1,1,0
32160,2619,67,48,19
32076,1151,7,7,0
32042,1383,1,1,0
32375,1311,3,3,0
32096,2791,59,25,34
32429,2269,2,2,0
32256,2769,33,24,9
32132,1589,55,38,17
32296,2219,24,14,10
32398,750,1,1,0
32220,1575,4,4,0
32106,4553,14,14,0
32330,845,4,4,0
32094,799,3,3,0
32245,861,2,2,0
32208,2630,50,39,11
32391,3734,2,2,0
32453,3526,2,2,0
32334,3922,15,14,1
32263,1229,2,2,0
32345,894,4,4,0
32352,2070,1,1,0
32462,1651,45,37,8
32252,1400,11,11,0
32080,4064,10,10,0
32389,1412,4,4,0
32213,1897,35,31,4
32344,3104,32,23,9
32412,1069,9,9,0
32119,1796,52,47,5
32285,1667,4,4,0
32233,1964,16,13,3
32013,2720,197,89,108
32449,1425,6,6,0
32426,1705,12,8,4
32110,1250,4,4,0
32107,1826,93,78,15
32052,1396,3,3,0
32079,1640,18,18,0
32370,1461,17,16,1
32459,1427,15,15,0
32180,1634,7,7,0
32401,882,4,4,0
32385,1942,2,2,0
32200,1831,3,3,0
32159,1712,4,4,0
32012,2665,14,14,0
32162,3507,14,14,0
32155,1204,6,6,0
32091,2212,6,6,0
32130,4400,6,6,0
32204,1904,2,2,0
32431,3333,1,1,0
32299,1852,3,3,0
32268,1972,6,5,1
32297,1765,1,1,0
32249,1289,18,15,3
32307,1985,25,20,5
32117,2052,5,5,0
32116,1334,3,3,0
32365,11575,7,7,0
32404,1288,5,5,0
32120,2411,6,6,0
32063,1178,2,2,0
32319,1554,25,21,4
32446,1570,6,6,0
32083,1553,16,16,0
32328,1825,1,1,0
32190,1050,9,5,4
32147,2424,29,19,10
32374,2222,2,2,0
32177,1769,2,2,0
32415,810,2,2,0
32443,1481,3,3,0
32347,1926,3,3,0
32301,2320,4,4,0
32060,1998,7,7,0
32034,2210,2,2,0
32045,1558,1,1,0
32148,954,3,3,0
32290,1528,15,13,2
32158,1219,4,4,0
32242,1147,9,8,1
32388,2600,3,3,0
32029,5917,11,8,3
32335,1583,4,4,0
32149,2851,18,14,4
32421,2954,6,6,0
32027,1343,11,11,0
32017,1413,3,3,0
32304,1370,2,2,0
32351,1827,5,5,0
32133,1024,1,1,0
32197,2005,6,6,0
32203,1655,1,1,0
32037,3488,4,4,0
32417,1093,5,5,0
32212,2866,5,5,0
32410,1824,13,12,1
32031,2124,2,2,0
32028,1300,2,2,0
32167,1377,2,2,0
32457,1962,3,3,0
32348,2092,7,7,0
32346,1449,2,2,0
32178,361,1,1,0
32440,1250,1,1,0
32036,1179,6,6,0
32229,1194,2,2,0
32406,1014,2,2,0
32048,2569,1,1,0
32432,2943,2,2,0
32025,1372,3,3,0
32397,1733,5,5,0
32001,921,9,9,0
32369,1949,2,2,0
32438,3764,3,3,0
32382,1673,3,3,0
32356,2201,3,3,0
32071,1312,3,3,0
32163,1250,2,2,0
32234,1303,1,1,0
32095,1662,10,10,0
32236,619,1,1,0
32342,2600,2,2,0
32373,1516,1,1,0
32413,956,1,1,0
32279,1680,5,5,0
32394,1274,3,3,0
32292,1211,3,3,0
32222,1819,3,3,0
32267,3924,2,2,0
32442,1555,5,5,0
32243,417,1,1,0
32181,1771,2,2,0
32437,1129,3,3,0
32371,1467,1,1,0
32452,2109,2,2,0
32201,1725,5,5,0
32378,1470,4,4,0
32411,1270,1,1,0
32115,2001,2,2,0
32127,1367,9,9,0
32248,1620,2,2,0
32408,1362,1,1,0
32054,1618,2,2,0
32311,1191,1,1,0
32022,780,4,4,0
32009,1831,1,1,0
32050,1153,1,1,0
32207,1432,5,4,1
32269,1739,2,2,0
32253,987,5,5,0
32396,1864,2,2,0
32241,1284,2,2,0
32338,972,1,1,0
32192,2412,3,3,0
32294,2444,1,1,0
32425,1723,3,3,0
32436,2750,6,6,0
32123,3777,1,1,0
32305,1100,1,1,0
32340,1022,4,4,0
32439,945,3,3,0
32464,1637,2,2,0
32286,1684,2,2,0
32121,2005,3,3,0
32144,308,21,21,0
32088,1320,2,2,0
32035,3353,7,7,0
32372,2261,3,3,0
32445,1357,3,3,0
32101,1917,1,1,0
32405,1847,2,2,0
32448,3279,3,3,0
32219,1148,1,1,0
32336,1846,2,2,0
32152,1536,2,2,0
32053,2222,1,1,0
32306,2171,3,3,0
32312,1330,1,1,0
32400,753,3,3,0
32261,1051,1,1,0
32368,1952,3,3,0
32465,3555,1,1,0
32128,1121,1,1,0
32343,1730,7,7,0
32416,1613,3,3,0
32193,1660,2,2,0
32044,3093,2,2,0
32185,2188,1,1,0
32175,1744,3,3,0
32325,2273,1,1,0
32280,1883,3,3,0
32362,1894,3,3,0
32414,1375,1,1,0
32221,3661,2,2,0
32016,1655,2,2,0
32171,2069,2,2,0
32409,1469,1,1,0
32224,2070,4,4,0
32109,1016,3,3,0
32007,1444,2,2,0
32381,1543,2,2,0
32273,4565,1,1,0
32361,192,1,1,0
32363,1453,1,1,0
32199,1306,1,1,0
32138,2289,1,1,0
32320,2674,6,6,0
32274,1200,4,4,0
32463,1646,6,6,0
32450,6131,2,2,0
32254,1346,2,2,0
32246,2490,6,6,0
32032,1748,4,4,0
32041,1993,2,2,0
32085,1728,2,2,0
32166,10321,5,5,0
32358,1000,1,1,0
32187,2162,2,2,0
32084,4293,1,1,0
32122,748,1,1,0
32077,1977,3,3,0
32376,1163,3,3,0
32460,1667,2,2,0
32125,1887,1,1,0
32082,1753,3,3,0
32103,1607,2,2,0
32331,2071,2,2,0
32131,519,2,2,0
32169,3267,1,1,0
32210,1922,3,3,0
32291,673,1,1,0
32227,5282,23,3,20
32087,785,2,2,0
32065,170,1,1,0
32329,3589,2,2,0
32019,2094,1,1,0
32064,966,1,1,0
32195,2556,1,1,0
32467,51,1,1,0
32164,1426,1,1,0
32073,2325,1,1,0
32433,1790,4,2,2
32141,1333,1,1,0
32174,3000,1,1,0
32154,349,1,1,0
32183,2500,2,2,0
32225,1250,1,1,0
32282,2336,2,2,0
32384,1518,2,2,0
32108,5273,3,3,0
32360,1214,1,1,0
32355,1421,1,1,0
32092,1258,2,2,0
32151,3033,1,1,0
32339,2976,3,3,0
32262,3032,2,2,0
32069,2105,2,2,0
32379,3225,1,1,0
32418,3253,2,2,0
32454,2461,1,1,0
32403,2120,1,1,0
32422,2286,2,2,0
32198,3456,2,2,0
32146,914,1,1,0
32217,1600,1,1,0
32423,3720,1,1,0
32238,2128,1,1,0
32066,1418,3,3,0
32049,1109,1,1,0
32434,1337,1,1,0
32298,363,2,2,0
32202,1932,1,1,0
32124,1203,1,1,0
32143,3575,2,2,0
33063,7145,3324,689,2635
33256,3163,35,29,6
33550,4681,342,215,127
33162,3977,210,118,92
33522,240523,711,166,545
33214,5365,148,100,48
33422,4235,65,47,18
33281,6406,700,245,455
33069,5287,275,127,148
33376,3739,41,37,4
33122,4551,97,86,11
33039,4383,323,147,176
33318,4691,477,265,212
33192,26389,262,145,117
33312,5595,84,56,28
33273,3972,52,39,13
33449,3857,187,137,50
33268,2988,35,35,0
33056,4412,104,67,37
33090,4608,25,23,2
33519,3575,86,68,18
33075,3906,188,60,128
33010,3029,10,10,0
33012,3689,27,27,0
33104,3040,46,35,11
33022,3844,19,14,5
33517,3203,14,14,0
33200,3812,95,43,52
33322,3573,49,48,1
33220,2683,8,8,0
33248,2621,25,25,0
33146,2118,33,33,0
33333,3443,16,16,0
33494,3492,6,5,1
33262,3316,35,32,3
33297,2678,17,17,0
33417,2872,17,17,0
33211,1517,2,2,0
33503,3618,8,8,0
33070,3614,2,2,0
33284,4289,103,96,7
33514,4088,104,53,51
33413,2617,19,18,1
33316,1879,8,8,0
33520,1003,8,8,0
33236,16520,212,173,39
33389,3782,31,22,9
33096,3233,66,51,15
33239,2227,4,4,0
33202,2253,10,10,0
33381,2978,32,26,6
33226,2782,32,27,5
33521,2279,14,14,0
33003,6396,155,125,30
33366,3454,140,89,51
33196,3520,4,4,0
33199,5623,301,216,85
33352,1909,67,47,20
33439,32721,13,12,1
33527,4914,94,66,28
33348,2030,19,19,0
33076,1363,5,5,0
33140,3289,69,43,26
33496,2956,29,29,0
33088,1872,8,8,0
33097,4355,63,40,23
33393,2009,47,41,6
33317,2571,10,10,0
33478,3201,45,41,4
33179,2413,35,31,4
33119,51901,284,87,197
33013,4216,65,46,19
33339,20284,18,12,6
33327,2642,23,22,1
33545,1684,13,13,0
33207,3195,39,37,2
33019,3950,108,73,35
33011,6344,87,68,19
33004,4136,44,20,24
33314,2860,40,27,13
33125,2189,22,22,0
33372,896,2,2,0
33249,2930,116,45,71
33260,2913,13,13,0
33229,4996,100,73,27
33380,1672,21,17,4
33426,1798,4,4,0
33540,3173,43,43,0
33002,1795,7,7,0
33402,1639,38,23,15
33109,3038,14,14,0
33009,9795,352,114,238
33391,1932,3,3,0
33234,4867,46,43,3
33042,3133,58,54,4
33529,7763,381,271,110
33465,1875,4,4,0
33201,2841,6,5,1
33525,1829,6,6,0
33243,4894,310,139,171
33023,2762,4,4,0
33040,3524,10,10,0
33454,3424,15,15,0
33167,3777,127,67,60
33138,2994,126,103,23
33001,2186,26,25,1
33363,3663,37,36,1
33330,3463,34,33,1
33029,3623,37,33,4
33441,1630,16,12,4
33501,3138,21,21,0
33539,2634,35,31,4
33143,2377,19,18,1
33544,2937,68,40,28
33131,2107,3,3,0
33351,4048,25,18,7
33203,3931,72,57,15
33047,1518,18,16,2
33108,3562,75,45,30
33324,1477,52,38,14
33350,3634,53,32,21
33385,1397,11,11,0
33541,5349,36,30,6
33490,2644,49,45,4
33233,2277,23,22,1
33480,2751,10,10,0
33361,3847,11,11,0
33395,1232,22,22,0
33021,1800,17,17,0
33225,2442,23,22,1
33332,1722,4,4,0
33433,3254,63,58,5
33006,1306,13,13,0
33005,8631,205,152,53
33034,1987,7,7,0
33357,2583,24,24,0
33484,1828,21,21,0
33183,2629,21,21,0
33213,3655,31,24,7
33289,1499,19,17,2
33051,3899,112,89,23
33080,3481,62,45,17
33036,2354,45,34,11
33287,1187,8,8,0
33369,1620,4,4,0
33382,5675,23,15,8
33099,3576,33,28,5
33434,5675,32,14,18
33293,3225,41,32,9
33016,2162,9,9,0
33266,2725,19,19,0
33062,2687,6,6,0
33032,4033,52,29,23
33349,3022,12,12,0
33067,1886,32,26,6
33198,8362,40,21,19
33263,3327,4,4,0
33058,44536,89,41,48
33473,2272,45,42,3
33018,3735,35,27,8
33274,3620,22,20,2
33311,2235,13,9,4
33442,2197,2,2,0
33185,2608,30,25,5
33050,1433,7,7,0
33533,2773,23,18,5
33548,3189,15,14,1
33551,2100,4,4,0
33065,5668,26,25,1
33279,2401,10,10,0
33123,2273,17,17,0
33077,2877,16,16,0
33046,1625,11,11,0
33488,4797,6,6,0
33049,2453,24,24,0
33086,26585,6,6,0
33341,2397,24,24,0
33154,2576,25,21,4
33299,2261,10,10,0
33240,2011,90,71,19
33555,3855,50,33,17
33457,2328,9,9,0
33466,2454,37,18,19
33334,2804,35,31,4
33438,2217,25,22,3
33397,3617,44,43,1
33024,1917,9,9,0
33205,3309,17,17,0
33447,2186,35,34,1
33101,2306,19,19,0
33530,2130,6,6,0
33159,1227,22,16,6
33506,4238,24,18,6
33081,2407,29,18,11
33151,1235,9,9,0
33437,2469,23,19,4
33535,3493,12,11,1
33165,4639,43,26,17
33111,1648,11,11,0
33498,3620,79,67,12
33518,3321,13,13,0
33343,1856,13,13,0
33474,3480,19,19,0
33259,2095,11,8,3
33128,2584,8,8,0
33392,2386,7,6,1
33007,2833,6,6,0
33221,1154,7,5,2
33505,9416,10,6,4
33448,4004,31,31,0
33416,1514,12,12,0
33228,916,3,3,0
33052,2142,16,12,4
33543,1941,9,9,0
33387,1895,13,13,0
33310,1870,6,6,0
33227,5174,110,41,69
33471,1867,12,12,0
33191,1515,6,6,0
33114,2417,28,14,14
33554,3373,27,18,9
33424,2547,60,51,9
33272,1914,6,6,0
33331,1478,6,6,0
33511,2387,7,7,0
33238,13908,72,70,2
33105,1250,3,3,0
33321,3050,12,10,2
33244,2791,2,2,0
33542,4137,6,6,0
33126,2126,22,22,0
33326,1085,7,7,0
33073,1482,13,13,0
33452,2102,3,3,0
33237,3305,9,9,0
33206,2977,9,9,0
33378,2023,18,18,0
33160,1526,7,7,0
33027,582,2,2,0
33537,2461,1,1,0
33253,2253,18,18,0
33106,1797,10,10,0
33209,4572,7,7,0
33451,1400,4,4,0
33252,3867,3,3,0
33336,2017,18,18,0
33187,1539,11,6,5
33015,2454,10,9,1
33071,2222,19,18,1
33388,2224,9,9,0
33315,1714,25,25,0
33093,2640,6,6,0
33470,2160,5,5,0
33017,2138,10,10,0
33082,2233,14,14,0
33033,5545,18,14,4
33057,6299,9,9,0
33095,1655,28,28,0
33089,2473,10,10,0
33487,2773,12,12,0
33059,1921,2,2,0
33208,2252,23,23,0
33475,2659,7,7,0
33456,2292,8,8,0
33255,1667,2,0,2
33483,6301,47,35,12
33124,310,3,3,0
33325,1425,9,9,0
33258,837,5,5,0
33038,2185,15,15,0
33510,2244,4,4,0
33507,1401,6,6,0
33425,2563,12,12,0
33394,53963,17,12,5
33085,5391,23,20,3
33157,2357,7,7,0
33044,1515,6,6,0
33298,2462,7,7,0
33523,3040,21,13,8
33532,1844,12,12,0
33149,246,1,1,0
33145,2104,12,12,0
33153,1073,1,1,0
33482,1611,4,4,0
33030,15964,22,17,5
33230,677,6,6,0
33436,2636,1,1,0
33290,3356,20,20,0
33195,1953,19,17,2
33193,3401,24,24,0
33204,1311,4,3,1
33431,2844,6,6,0
33445,2127,7,7,0
33261,3948,17,11,6
33459,1639,2,2,0
33362,2187,11,11,0
33115,1781,15,15,0
33148,769,1,1,0
33235,1263,4,4,0
33218,3009,20,20,0
33347,1477,5,5,0
33177,2301,37,37,0
33037,17064,28,22,6
33355,1962,9,9,0
33553,2491,6,6,0
33504,3884,7,7,0
33197,1210,7,7,0
33269,2001,8,8,0
33102,1385,3,1,2
33414,2551,2,2,0
33373,1998,3,3,0
33400,2985,5,5,0
33174,1833,9,9,0
33060,3619,10,10,0
33219,2154,19,19,0
33435,4267,29,10,19
33134,2358,6,6,0
33412,2195,12,12,0
33547,3589,5,5,0
33116,1608,8,8,0
33546,2291,3,3,0
33479,1748,2,2,0
33342,1554,17,13,4
33367,2702,4,4,0
33307,5280,41,41,0
33161,25172,14,14,0
33184,749,2,2,0
33031,1530,1,1,0
33112,2694,2,2,0
33083,3043,10,8,2
33458,2946,12,6,6
33215,3510,4,4,0
33384,1140,1,1,0
33061,3067,9,7,2
33386,1770,4,4,0
33144,2176,11,11,0
33028,1383,6,6,0
33264,1747,3,3,0
33463,3004,11,11,0
33120,1850,11,11,0
33329,775,4,4,0
33460,4681,11,11,0
33502,897,4,4,0
33100,1834,13,13,0
33407,2143,4,4,0
33078,2193,8,8,0
33164,2288,16,12,4
33282,1984,4,4,0
33415,2283,21,18,3
33147,1908,4,4,0
33142,2288,26,26,0
33485,2227,16,16,0
33301,2598,7,7,0
33477,1338,6,6,0
33113,1672,2,2,0
33186,2059,13,13,0
33492,4332,42,36,6
33127,2463,3,3,0
33066,2000,1,1,0
33278,1237,4,4,0
33084,3529,17,15,2
33344,2335,3,3,0
33319,4200,15,11,4
33306,1740,4,4,0
33118,4020,18,18,0
33450,1069,1,1,0
33079,2752,3,3,0
33531,5440,5,5,0
33277,1573,2,2,0
33178,2066,2,2,0
33423,2400,1,1,0
33294,1702,2,2,0
33408,3312,4,4,0
33223,875,1,1,0
33421,1986,6,3,3
33181,2229,4,4,0
33462,1650,5,5,0
33026,2170,4,4,0
33045,847,1,1,0
33552,2492,8,8,0
33398,1912,2,2,0
33053,2068,6,6,0
33323,2529,7,7,0
33309,3796,4,4,0
33180,5067,4,4,0
33512,3739,10,10,0
33250,952,2,2,0
33461,1511,6,6,0
33152,3488,5,5,0
33175,1660,8,8,0
33246,1564,3,3,0
33383,1917,3,3,0
33320,1851,4,4,0
33359,1668,5,5,0
33337,2709,23,19,4
33170,1842,4,4,0
33025,1584,6,6,0
33302,2317,8,8,0
33418,1797,3,3,0
33364,2136,1,1,0
33406,1807,2,2,0
33222,2014,7,7,0
33516,2324,1,1,0
33346,2006,8,8,0
33328,3034,4,4,0
33476,1996,8,8,0
33172,2179,3,3,0
33536,2567,2,2,0
33137,2047,6,6,0
33444,1975,4,4,0
33190,1299,6,6,0
33467,1144,3,3,0
33194,1674,4,4,0
33098,2390,3,3,0
33303,2616,9,9,0
33168,1905,7,7,0
33182,1799,11,11,0
33247,3700,5,5,0
33241,2563,3,1,2
33500,1857,7,7,0
33464,2500,1,1,0
33374,1706,5,4,1
33130,2492,13,12,1
33491,1870,10,10,0
33291,4120,3,1,2
33043,2313,3,3,0
33008,2361,3,3,0
33499,1564,1,1,0
33538,1684,7,7,0
33486,3016,1,1,0
33296,2222,5,5,0
33509,2133,4,4,0
33390,1998,2,2,0
33305,1429,6,6,0
33035,3073,8,8,0
33468,1682,1,1,0
33074,1325,2,2,0
33014,3287,9,9,0
33405,1378,5,5,0
33300,3011,26,26,0
33055,924,1,1,0
33141,3375,5,5,0
33285,1745,6,6,0
33403,2500,1,1,0
33171,3675,4,4,0
33275,5474,3,3,0
33345,1706,5,5,0
33245,3588,3,3,0
33251,2390,4,4,0
33212,2154,3,3,0
33271,2037,2,2,0
33365,2464,3,3,0
33353,1534,1,1,0
33188,1613,6,6,0
33132,2350,5,5,0
33173,556,1,1,0
33155,2223,3,3,0
33481,2083,3,3,0
33163,2560,2,2,0
33135,2500,1,1,0
33117,4815,4,4,0
33068,3118,1,1,0
33375,1941,2,2,0
33515,1379,6,6,0
33429,1514,1,1,0
33232,1593,3,3,0
33166,2621,5,5,0
33377,1350,1,1,0
33292,1789,1,1,0
33257,652,1,1,0
33493,642,3,3,0
33472,1744,3,3,0
33136,882,1,1,0
33189,1994,2,2,0
33370,1373,6,6,0
33534,3338,5,5,0
33150,2129,4,4,0
33139,1461,2,2,0
33420,3186,4,0,4
33156,2468,1,1,0
33087,1500,1,1,0
33453,1130,1,1,0
33427,906,2,2,0
33443,3089,1,1,0
33224,1419,1,1,0
33054,1891,5,5,0
33094,1647,1,1,0
33295,1651,1,1,0
33379,2267,1,1,0
33072,3020,2,2,0
33335,5435,1,1,0
33176,2693,3,3,0
33288,2798,1,1,0
33121,2344,1,1,0
33270,1829,1,1,0
34344,5650,285,21,264
34123,3638,69,39,30
34172,6608,2024,173,1851
34192,6754,120,11,109
34057,4536,176,67,109
34090,3979,48,33,15
34270,4162,56,21,35
34154,4812,131,40,91
34088,3813,40,28,12
34176,3666,13,10,3
34198,5550,62,46,16
34095,3711,35,29,6
34077,5099,36,22,14
34295,3789,5,5,0
34129,5507,83,30,53
34087,3498,11,9,2
34240,4425,19,14,5
34116,3735,63,24,39
34127,8882,21,18,3
34179,3431,9,8,1
34169,5153,17,16,1
34259,3695,32,18,14
34202,3964,40,21,19
34134,3736,10,8,2
34050,3573,13,7,6
34186,3443,6,6,0
34337,3938,53,29,24
34108,3551,207,95,112
34301,4368,579,73,506
34120,4035,41,24,17
34022,5131,48,29,19
34110,2571,5,4,1
34079,8580,104,51,53
34204,2792,11,10,1
34058,3775,37,26,11
34320,3877,13,11,2
34333,6700,32,28,4
34076,2354,6,5,1
34036,1626,12,9,3
34246,2827,8,7,1
34023,4346,139,27,112
34122,2650,4,4,0
34033,3718,16,15,1
34313,2049,9,9,0
34145,8357,171,81,90
34274,3073,14,13,1
34255,4091,66,52,14
34247,4623,27,25,2
34309,3973,21,17,4
34294,3496,3,3,0
34114,3264,44,36,8
34243,3694,15,12,3
34143,3998,24,17,7
34213,2538,63,44,19
34124,2488,6,6,0
34010,3133,18,16,2
34151,2496,46,32,14
34268,2649,10,10,0
34241,2362,3,2,1
34164,3010,7,7,0
34272,4410,20,14,6
34217,4899,39,29,10
34165,2356,14,8,6
34038,2877,18,8,10
34067,2264,7,7,0
34343,3228,9,7,2
34157,3492,99,55,44
34102,7200,1,1,0
34142,2107,64,39,25
34267,2302,11,10,1
34113,3167,42,20,22
34194,2645,38,33,5
34307,4704,14,11,3
34239,2308,59,52,7
34131,3861,6,6,0
34163,3066,15,12,3
34242,4312,11,11,0
34321,6185,13,8,5
34051,3549,26,26,0
34012,2919,7,7,0
34111,6032,44,11,33
34327,3638,33,30,3
34146,3242,28,24,4
34118,4999,4,4,0
34316,1515,5,5,0
34133,2738,4,2,2
34249,4079,17,17,0
34244,4519,17,8,9
34281,2231,21,18,3
34262,7017,3,0,3
34082,4741,8,8,0
34276,4141,19,17,2
34132,1278,1,1,0
34341,3070,25,22,3
34078,3591,11,11,0
34128,2229,15,14,1
34014,4264,9,9,0
34071,1285,6,4,2
34210,2386,16,16,0
34286,1790,6,5,1
34227,3481,9,8,1
34048,1608,1,1,0
34029,2634,5,5,0
34013,2023,22,19,3
34290,4652,3,3,0
34027,3047,5,5,0
34256,4756,15,10,5
34019,1476,3,3,0
34121,2159,2,2,0
34283,1430,2,2,0
34159,3303,17,12,5
34297,1028,9,9,0
34060,1853,4,4,0
34304,5710,16,10,6
34047,3660,9,9,0
34024,3488,9,6,3
34282,2822,8,5,3
34153,3253,8,7,1
34064,2460,4,2,2
34318,3567,1,1,0
34254,2895,14,9,5
34174,1786,4,4,0
34035,3831,6,6,0
34328,2688,9,9,0
34180,2203,5,5,0
34188,2911,4,4,0
34303,1600,1,1,0
34144,1016,7,4,3
34265,4070,10,10,0
34296,3058,4,4,0
34039,4180,7,6,1
34173,3148,11,11,0
34115,371,1,0,1
34248,1992,2,2,0
34288,3451,8,8,0
34177,2271,2,2,0
34287,4581,3,1,2
34205,1311,3,3,0
34280,3769,3,3,0
34340,4532,10,10,0
34251,3482,4,3,1
34261,1296,4,3,1
34238,471,1,1,0
34041,2139,7,6,1
34266,4261,1,1,0
34322,4011,8,8,0
34137,2210,1,1,0
34208,2450,3,3,0
34292,2867,3,3,0
34277,1594,1,1,0
34185,3647,1,1,0
34221,1508,1,1,0
34106,111,1,1,0
34317,1606,2,2,0
34215,1618,2,2,0
34042,3140,1,0,1
34212,2578,2,2,0
34236,28339,5,1,4
34016,2986,8,7,1
34264,1376,2,2,0
34043,10202,2,0,2
34222,2617,1,1,0
34195,1811,2,2,0
34056,1931,11,11,0
34126,2674,61,20,41
34028,2275,80,28,52
34181,2704,20,20,0
34003,3824,1134,233,901
34225,3994,23,23,0
34332,4701,98,71,27
34031,3671,41,40,1
34032,4085,910,250,660
34018,1913,16,16,0
34150,4200,148,64,84
34193,1440,5,5,0
34147,2116,32,30,2
34109,1908,10,10,0
34258,2414,16,16,0
34310,3649,25,11,14
34148,1984,28,21,7
34068,915,5,5,0
34074,8527,34,18,16
34232,1776,9,9,0
34245,1400,14,12,2
34117,1083,18,10,8
34155,3177,14,12,2
34209,3604,75,58,17
34293,1754,30,25,5
34324,3688,156,40,116
34103,1842,9,7,2
34046,832,3,3,0
34081,2602,17,16,1
34135,1703,20,20,0
34045,1499,4,4,0
34336,2240,44,25,19
34197,2567,10,10,0
34250,1866,4,4,0
34073,2626,11,11,0
34214,2160,12,12,0
34069,2020,36,31,5
34140,2578,26,21,5
34312,1983,18,17,1
34329,3634,30,26,4
34183,2946,29,25,4
34092,877,7,5,2
34299,2953,76,53,23
34130,2900,10,10,0
34052,1825,30,27,3
34191,2136,10,10,0
34226,1788,9,9,0
34086,965,4,4,0
34160,2758,5,5,0
34037,2006,17,13,4
34235,3466,3,3,0
34199,4143,87,53,34
34218,1095,5,5,0
34300,3020,54,47,7
34289,2075,29,26,3
34207,2371,30,28,2
34203,2108,21,21,0
34136,2452,5,2,3
34237,3653,50,46,4
34061,2089,10,10,0
34166,4264,28,18,10
34190,2965,8,8,0
34026,1319,2,2,0
34063,2897,27,24,3
34298,2781,32,32,0
34161,2524,24,24,0
34001,2128,16,16,0
34162,2556,26,21,5
34101,2396,35,32,3
34311,2590,15,14,1
34325,2220,10,10,0
34119,1032,8,6,2
34260,1188,5,5,0
34223,1933,8,8,0
34178,2630,21,21,0
34094,2111,9,9,0
34084,1410,8,7,1
34089,1960,11,11,0
34211,2341,10,5,5
34009,2551,18,16,2
34139,2459,19,15,4
34315,1397,2,2,0
34080,4340,5,5,0
34025,2584,14,13,1
34229,1497,9,9,0
34149,2251,8,8,0
34007,1087,5,5,0
34284,1681,23,10,13
34252,1303,8,3,5
34170,820,1,1,0
34224,2462,15,15,0
34055,599,4,4,0
34206,1772,4,4,0
34335,2962,5,5,0
34008,1239,4,2,2
34201,1997,4,4,0
34070,1521,7,7,0
34002,2092,7,5,2
34141,835,9,9,0
34098,742,3,3,0
34017,2268,3,3,0
34182,3331,7,7,0
34319,1752,2,2,0
34104,1949,1,1,0
34189,853,24,20,4
34097,1619,2,2,0
34302,1799,5,5,0
34285,3268,6,6,0
34107,16699,8,8,0
34273,893,1,1,0
34200,1940,7,5,2
34334,1487,2,2,0
34015,2000,1,1,0
34331,1746,1,1,0
34219,1674,9,7,2
34049,1646,3,3,0
34021,615,2,2,0
34065,2277,2,2,0
34138,2562,6,6,0
34271,1879,2,2,0
34083,2069,2,2,0
34279,2055,1,1,0
34020,1043,5,5,0
34044,1648,7,7,0
34167,1413,1,1,0
34004,3957,8,8,0
34006,1028,1,1,0
34184,4135,6,4,2
34096,5151,6,3,3
34308,1107,4,4,0
34059,2866,2,2,0
34339,1578,2,2,0
34158,1517,1,1,0
34062,2219,1,1,0
34305,2031,1,1,0
34085,2652,1,1,0
34168,200,1,1,0
34030,1457,1,1,0
34187,2232,1,1,0
34269,2042,1,1,0
35238,7021,2153,277,1876
35001,2923,42,31,11
35051,3983,147,66,81
35059,4591,48,34,14
35281,3248,138,36,102
35206,3555,55,27,28
35055,3023,68,19,49
35024,4482,84,56,28
35189,3404,32,21,11
35032,2733,36,31,5
35266,3111,44,31,13
35047,3271,122,62,60
35120,3789,66,47,19
35066,5349,78,34,44
35353,3252,42,25,17
35352,3066,55,45,10
35208,2830,30,22,8
35363,2728,19,13,6
35210,7311,94,53,41
35216,2388,12,10,2
35278,4454,66,30,36
35193,2418,17,15,2
35190,2095,24,14,10
35271,1632,25,25,0
35162,1573,36,34,2
35296,2348,15,14,1
35015,1666,34,32,2
35002,2116,19,19,0
35136,2308,94,51,43
35251,2742,28,18,10
35204,3024,24,21,3
35122,6621,16,15,1
35188,2615,46,26,20
35064,1710,24,24,0
35240,2885,80,35,45
35237,2437,6,6,0
35236,2303,106,51,55
35331,2156,25,23,2
35334,3611,52,40,12
35117,1191,15,13,2
35179,3068,55,50,5
35257,2013,30,30,0
35093,9754,185,78,107
35045,2065,17,17,0
35288,5871,570,173,397
35299,2951,24,15,9
35328,2038,40,40,0
35040,2285,30,25,5
35145,1318,25,25,0
35069,3062,94,44,50
35294,1605,29,29,0
35143,1768,9,9,0
35350,3017,11,11,0
35088,2169,16,14,2
35109,2304,21,15,6
35006,2031,38,36,2
35124,1510,26,25,1
35273,1606,25,23,2
35108,2544,13,13,0
35253,2195,11,10,1
35275,2840,38,22,16
35343,1639,14,14,0
35177,5333,37,15,22
35232,562,7,7,0
35173,4436,47,36,11
35360,5073,171,95,76
35250,3023,21,12,9
35361,2270,16,16,0
35337,3553,32,22,10
35115,2573,234,101,133
35021,1878,9,9,0
35310,2538,10,10,0
35256,6226,51,40,11
35222,1255,23,21,2
35297,1857,46,23,23
35019,1590,29,29,0
35076,3062,48,35,13
35027,1750,21,16,5
35133,2032,37,36,1
35141,1611,3,3,0
35163,1384,23,23,0
35355,1311,7,7,0
35068,2519,53,37,16
35118,1832,6,6,0
35049,4753,68,53,15
35195,3389,27,20,7
35139,3629,47,38,9
35029,2099,25,25,0
35086,1414,12,12,0
35215,1409,17,17,0
35264,2324,12,12,0
35314,4187,2,2,0
35171,1806,24,24,0
35096,2384,23,19,4
35196,3289,64,32,32
35327,2718,16,13,3
35326,1828,23,23,0
35229,1891,8,8,0
35356,2396,18,17,1
35065,2308,8,8,0
35245,2373,27,23,4
35152,2929,72,48,24
35220,2912,47,40,7
35322,1929,11,11,0
35126,2769,87,73,14
35131,4037,35,20,15
35262,1113,6,6,0
35362,2077,21,17,4
35227,2417,22,18,4
35265,2666,25,19,6
35178,2139,10,10,0
35121,4734,7,7,0
35009,1517,17,17,0
35037,3651,56,45,11
35312,3337,33,33,0
35246,2344,13,13,0
35224,3710,32,24,8
35284,4640,27,23,4
35201,2455,22,22,0
35223,2151,54,49,5
35081,2636,5,5,0
35012,2283,67,50,17
35228,3096,61,37,24
35140,1621,11,11,0
35095,3333,79,38,41
35241,2999,30,28,2
35184,2879,46,41,5
35211,2139,23,22,1
35335,1864,12,12,0
35125,1848,48,36,12
35082,1631,12,12,0
35197,2845,13,11,2
35219,1863,34,32,2
35285,1728,20,20,0
35079,2874,20,16,4
35330,650,12,11,1
35044,2019,3,3,0
35315,3236,13,13,0
35078,2389,13,13,0
35104,2116,16,16,0
35176,1803,64,61,3
35150,2186,22,19,3
35097,1975,14,14,0
35035,1940,5,5,0
35014,2136,30,26,4
35186,2851,18,16,2
35207,6194,59,31,28
35010,1835,18,18,0
35290,1299,7,7,0
35247,1974,24,19,5
35180,1822,7,7,0
35239,1960,41,39,2
35316,1170,12,12,0
35161,1989,26,22,4
35308,2128,45,44,1
35142,840,7,7,0
35292,1747,28,28,0
35263,3434,23,21,2
35324,2082,4,4,0
35321,1925,9,9,0
35174,2693,26,25,1
35107,2116,10,10,0
35013,1971,41,40,1
35016,2533,10,10,0
35004,1360,54,54,0
35168,2077,50,50,0
35123,2460,22,15,7
35135,2287,22,19,3
35307,1650,3,3,0
35106,1891,28,28,0
35164,1460,9,9,0
35149,2288,20,17,3
35127,2390,47,44,3
35033,2938,22,21,1
35319,2103,17,14,3
35116,2392,28,27,1
35345,2060,4,4,0
35031,2473,34,33,1
35054,2196,11,11,0
35295,2205,3,3,0
35280,1504,12,12,0
35005,1294,5,5,0
35111,1363,16,16,0
35287,11180,36,29,7
35094,1736,15,15,0
35300,1667,8,8,0
35347,1523,17,14,3
35128,1896,23,15,8
35017,1780,5,5,0
35289,1896,11,10,1
35235,1703,11,11,0
35134,3565,2,2,0
35058,2324,13,12,1
35283,2518,10,9,1
35023,2603,23,20,3
35181,3679,20,20,0
35072,1562,10,10,0
35039,2338,13,8,5
35172,2142,15,15,0
35112,1275,6,6,0
35025,1254,3,3,0
35169,1812,25,25,0
35249,1690,19,18,1
35030,2066,14,14,0
35062,1658,18,17,1
35282,1685,26,26,0
35272,1406,7,7,0
35225,2402,7,7,0
35221,2010,18,17,1
35226,1835,18,16,2
35077,818,5,5,0
35332,1502,26,26,0
35154,1839,22,22,0
35042,1502,15,15,0
35170,1460,8,8,0
35198,1729,8,6,2
35340,1657,4,4,0
35090,2390,19,16,3
35070,3039,22,16,6
35155,2236,4,4,0
35114,1514,2,2,0
35309,1204,8,8,0
35342,1758,1,1,0
35346,2167,6,6,0
35075,1081,13,13,0
35067,3056,10,10,0
35329,1120,7,7,0
35248,1612,8,8,0
35243,1894,47,45,2
35217,1681,9,9,0
35191,1428,32,32,0
35255,3640,13,10,3
35270,993,3,3,0
35041,2396,7,7,0
35061,1991,5,5,0
35157,1282,5,5,0
35026,890,3,3,0
35167,1568,37,31,6
35192,1090,2,2,0
35306,3198,17,15,2
35339,2079,13,11,2
35046,1312,2,2,0
35333,1666,16,16,0
35165,1196,6,6,0
35268,2100,3,3,0
35194,2138,8,8,0
35203,2471,7,7,0
35200,1533,9,9,0
35359,1569,4,4,0
35202,675,9,9,0
35231,1939,10,7,3
35098,1815,15,14,1
35212,1928,13,13,0
35089,1607,4,4,0
35099,2935,17,16,1
35132,2464,11,11,0
35304,1938,16,16,0
35101,2058,7,7,0
35057,1992,15,15,0
35110,2502,7,7,0
35183,1679,6,6,0
35087,1838,7,7,0
35038,1002,6,6,0
35092,1102,8,8,0
35130,2767,10,10,0
35050,2424,4,4,0
35205,1280,4,4,0
35233,2109,12,12,0
35277,1973,5,5,0
35080,2827,22,16,6
35028,2231,10,10,0
35103,1332,4,4,0
35105,1675,11,11,0
35274,2346,7,7,0
35214,2042,11,11,0
35008,1581,3,3,0
35187,3498,12,10,2
35336,1234,2,2,0
35318,2185,6,6,0
35305,1878,6,6,0
35022,1940,5,4,1
35259,1839,11,9,2
35018,1441,8,8,0
35091,2076,2,2,0
35166,1991,6,6,0
35320,2076,4,4,0
35291,2756,8,6,2
35146,3114,4,4,0
35199,911,8,8,0
35052,2403,6,6,0
35137,2342,14,14,0
35102,1425,2,2,0
35317,942,2,2,0
35358,3758,7,7,0
35144,2559,9,6,3
35056,1938,6,6,0
35060,2621,5,5,0
35261,1442,2,2,0
35354,929,2,2,0
35034,1943,14,14,0
35218,3028,9,9,0
35279,3289,7,7,0
35175,1376,8,8,0
35085,2736,29,21,8
35311,1415,6,6,0
35148,1383,2,2,0
35234,1235,11,11,0
35325,1049,3,3,0
35138,1756,5,5,0
35286,1722,3,3,0
35084,1294,3,3,0
35276,1794,4,4,0
35351,2508,3,3,0
35258,1408,2,2,0
35119,1606,11,11,0
35260,1198,7,7,0
35156,2269,1,1,0
35244,567,1,1,0
35230,990,3,3,0
35003,1448,2,2,0
35151,1888,6,6,0
35302,1448,2,2,0
35007,2418,1,1,0
35063,1305,1,1,0
35242,1542,1,1,0
35160,1262,1,1,0
35153,2583,1,1,0
35252,1707,4,4,0
35338,1848,5,5,0
36069,599,5,5,0
36169,726,6,6,0
36018,1020,34,33,1
36031,1263,18,18,0
36047,309,2,2,0
36121,476,1,1,0
36093,774,8,8,0
36154,1633,18,17,1
36066,848,2,2,0
36197,747,2,2,0
36200,1130,9,9,0
36246,1005,3,3,0
36140,825,3,3,0
36046,1190,23,17,6
36086,734,2,2,0
36070,996,6,6,0
36088,1669,46,37,9
36247,1365,5,5,0
36235,1370,6,6,0
36171,803,12,12,0
36060,1135,6,6,0
36034,2082,31,23,8
36107,4456,5,5,0
36230,963,4,4,0
36149,871,2,2,0
36182,561,9,9,0
36045,1193,24,20,4
36044,1825,189,101,88
36131,1422,3,3,0
36135,667,2,2,0
36228,983,19,19,0
36180,929,5,5,0
36158,1206,5,5,0
36035,991,11,11,0
36244,824,5,5,0
36142,1028,6,6,0
36199,1647,4,4,0
36172,6138,2,2,0
36226,693,4,4,0
36068,1178,4,4,0
36026,1251,5,5,0
36150,823,3,3,0
36174,1060,5,5,0
36192,995,2,2,0
36164,1117,3,3,0
36240,653,5,5,0
36126,894,4,4,0
36006,4635,51,31,20
36099,833,1,1,0
36237,661,6,6,0
36162,1090,6,6,0
36010,604,5,5,0
36023,804,7,5,2
36063,1749,34,29,5
36113,970,4,4,0
36220,735,9,9,0
36027,951,5,5,0
36191,1186,2,2,0
36128,1238,5,5,0
36159,2130,27,22,5
36241,1301,14,13,1
36198,1345,1,1,0
36005,1929,12,12,0
36233,1221,8,8,0
36181,1154,2,2,0
36165,1553,4,4,0
36208,1916,4,4,0
36221,1226,1,1,0
36156,741,3,3,0
36175,944,3,3,0
36002,671,1,1,0
36057,1519,3,3,0
36001,1843,15,7,8
36212,1735,1,1,0
36224,838,6,4,2
36186,684,2,2,0
36202,1190,5,5,0
36067,1389,4,4,0
36123,1758,13,13,0
36155,1159,1,1,0
36097,843,5,5,0
36194,837,5,5,0
36122,909,1,1,0
36173,2682,23,23,0
36074,1523,2,2,0
36024,808,1,1,0
36081,1113,4,4,0
36239,1372,2,2,0
36138,1973,6,6,0
36017,702,3,3,0
36056,995,9,6,3
36153,821,2,2,0
36134,508,2,2,0
36032,1174,5,5,0
36014,1430,1,1,0
36177,1522,1,1,0
36161,964,7,5,2
36007,562,1,1,0
36084,845,3,3,0
36148,833,2,2,0
36061,669,2,2,0
36101,1409,2,2,0
36189,1205,5,5,0
36116,892,1,1,0
36110,957,3,3,0
36204,568,2,2,0
36033,1564,3,3,0
36009,1922,2,2,0
36071,1853,6,6,0
36094,6160,5,5,0
36058,1201,4,4,0
36214,750,2,2,0
36210,717,2,2,0
36143,1070,3,3,0
36016,855,3,3,0
36119,1398,3,3,0
36062,1341,7,7,0
36229,4222,36,36,0
36185,737,4,4,0
36087,71,1,1,0
36011,1133,1,1,0
36038,1284,2,2,0
36211,1071,1,1,0
36144,667,1,1,0
36231,899,2,2,0
36195,1178,3,3,0
36112,1435,3,3,0
36213,1202,2,2,0
36188,745,1,1,0
36100,1022,1,1,0
36077,617,1,1,0
36082,691,2,2,0
36055,738,3,3,0
36223,677,3,3,0
36242,344,2,2,0
36127,841,3,3,0
36130,373,4,4,0
36020,776,2,2,0
36248,1323,1,1,0
36219,1347,4,4,0
36076,706,2,2,0
36137,779,2,2,0
36029,1286,2,2,0
36025,1786,1,1,0
36168,771,3,3,0
36030,736,1,1,0
36053,679,1,1,0
36133,726,2,2,0
36118,2064,3,3,0
36141,1109,3,3,0
36207,913,5,5,0
36096,577,1,1,0
36190,571,1,1,0
36089,1374,1,1,0
36105,648,1,1,0
36050,1447,2,2,0
36064,1404,2,2,0
36152,592,1,1,0
36013,778,4,4,0
36049,438,1,1,0
36092,742,1,1,0
36120,1577,2,2,0
36178,981,1,1,0
36103,1080,3,3,0
36139,1364,3,3,0
36203,1596,1,1,0
36129,853,3,3,0
36157,730,2,2,0
36108,423,1,1,0
36125,930,2,2,0
36037,944,1,1,0
36236,185,1,1,0
36147,2005,2,2,0
36065,603,1,1,0
36232,2107,1,1,0
36243,600,1,1,0
36111,1405,1,1,0
36078,1370,1,1,0
36163,3684,1,1,0
37122,2865,172,89,83
37261,5722,772,152,620
37217,2852,11,11,0
37208,3176,58,41,17
37179,2481,3,3,0
37195,2718,66,18,48
37203,3498,22,20,2
37109,3694,54,53,1
37267,2498,7,7,0
37156,3868,52,48,4
37214,3557,83,44,39
37233,2451,60,30,30
37273,2565,16,13,3
37139,2291,25,22,3
37153,2606,17,17,0
37151,3138,20,20,0
37052,2141,3,3,0
37124,2955,5,5,0
37270,4306,19,19,0
37281,4738,9,5,4
37194,2939,17,14,3
37172,2753,16,14,2
37152,2449,5,5,0
37243,3761,13,12,1
37272,2446,3,3,0
37171,3381,5,5,0
37123,1955,14,13,1
37115,4536,19,9,10
37083,3367,13,10,3
37047,2467,4,4,0
37163,5087,18,18,0
37093,1691,6,6,0
37021,1873,10,10,0
37097,1393,5,5,0
37022,2116,13,13,0
37210,2249,1,1,0
37074,2596,20,19,1
37050,4063,59,33,26
37147,1792,4,4,0
37237,2131,6,6,0
37132,1625,45,39,6
37266,2639,30,30,0
37282,1163,8,8,0
37107,759,2,2,0
37168,1653,2,2,0
37242,1236,5,5,0
37038,2206,9,9,0
37081,1530,10,10,0
37079,2423,17,17,0
37143,2717,4,4,0
37015,2135,10,9,1
37232,1666,11,11,0
37170,1690,10,10,0
37159,2489,35,31,4
37231,1513,10,10,0
37121,980,6,6,0
37154,2421,16,16,0
37002,2203,11,11,0
37062,1677,6,5,1
37134,2493,8,8,0
37066,4125,5,5,0
37211,1916,11,11,0
37263,1841,9,9,0
37218,961,1,1,0
37183,1616,7,7,0
37039,1372,6,6,0
37136,1870,6,6,0
37119,998,12,10,2
37020,1873,11,11,0
37031,1686,21,21,0
37125,1249,2,2,0
37196,614,20,15,5
37230,2162,14,14,0
37148,2850,8,8,0
37089,2230,5,5,0
37167,2061,14,14,0
37116,1413,5,5,0
37225,2273,16,16,0
37276,2246,7,5,2
37241,4869,16,16,0
37145,1967,4,4,0
37082,886,7,7,0
37018,2702,33,24,9
37072,2343,56,33,23
37112,830,6,6,0
37197,1562,10,10,0
37192,6379,15,15,0
37092,3553,4,4,0
37277,1237,5,5,0
37126,1574,7,7,0
37279,1510,3,3,0
37003,3468,80,42,38
37060,3439,6,6,0
37078,1080,1,1,0
37027,2848,26,21,5
37001,1911,8,8,0
37059,2028,5,5,0
37104,2497,14,14,0
37161,1628,6,6,0
37150,1662,7,7,0
37226,1432,12,9,3
37010,3598,11,11,0
37011,1588,12,11,1
37063,1423,25,24,1
37138,1869,9,9,0
37008,2167,12,12,0
37068,1748,4,4,0
37105,2350,4,4,0
37106,1507,2,2,0
37053,1472,1,1,0
37213,1364,10,10,0
37049,1766,7,7,0
37026,1270,7,7,0
37199,709,3,3,0
37200,1458,2,2,0
37094,1625,6,6,0
37202,1888,2,2,0
37113,1400,10,10,0
37046,1515,4,4,0
37098,3339,4,4,0
37255,1832,3,3,0
37114,590,2,2,0
37178,1223,5,5,0
37137,1303,6,6,0
37099,2278,7,7,0
37030,1655,4,4,0
37260,1271,2,2,0
37044,1163,6,6,0
37057,1615,4,4,0
37189,1980,17,11,6
37140,484,4,4,0
37205,4921,10,0,10
37013,2516,7,7,0
37129,2367,4,4,0
37182,2343,9,9,0
37117,1799,5,5,0
37175,2455,5,5,0
37054,2081,3,2,1
37101,750,2,2,0
37012,1763,4,4,0
37216,2029,20,20,0
37103,1081,4,4,0
37084,3012,3,3,0
37005,1218,4,4,0
37173,939,10,10,0
37127,1625,1,1,0
37146,313,3,3,0
37024,1461,5,5,0
37253,2663,2,2,0
37110,2171,18,14,4
37264,2888,6,6,0
37185,1716,11,11,0
37131,1531,11,11,0
37006,2821,6,6,0
37067,1979,4,4,0
37007,1648,4,4,0
37254,1937,7,7,0
37251,3155,22,22,0
37155,1808,5,5,0
37077,2556,10,10,0
37188,1511,7,7,0
37224,2048,1,1,0
37271,1250,1,1,0
37257,1708,3,3,0
37177,1296,4,4,0
37111,2604,17,17,0
37250,2276,9,9,0
37180,1263,3,3,0
37034,1948,3,3,0
37234,6207,6,6,0
37033,1151,3,3,0
37029,2010,10,10,0
37043,1764,9,9,0
37219,2796,5,5,0
37176,1954,7,7,0
37259,1080,10,10,0
37045,1193,6,6,0
37187,514,1,1,0
37220,2475,2,2,0
37014,2776,14,13,1
37249,1456,2,2,0
37075,1449,2,2,0
37048,572,2,2,0
37091,2291,13,11,2
37280,1114,6,6,0
37246,812,2,2,0
37118,1071,5,5,0
37051,589,3,3,0
37130,1411,6,6,0
37073,1950,5,5,0
37016,2117,5,5,0
37100,2005,4,4,0
37181,444,1,1,0
37184,1397,5,5,0
37221,1566,2,2,0
37238,1538,6,6,0
37149,1269,2,2,0
37245,2593,6,5,1
37004,1064,1,1,0
37028,1542,10,10,0
37206,3617,11,9,2
37262,1624,3,3,0
37142,1280,2,2,0
37247,1736,2,2,0
37141,521,7,7,0
37032,1397,3,3,0
37019,1104,6,6,0
37076,1540,2,2,0
37186,2683,3,3,0
37055,1459,8,8,0
37223,1268,5,5,0
37244,1453,1,1,0
37174,2140,4,4,0
37087,1123,2,2,0
37064,1119,6,6,0
37236,2816,3,2,1
37228,1486,2,2,0
37268,25984,1,1,0
37269,1235,7,7,0
37086,33410,40,40,0
37278,1579,2,2,0
37070,1497,3,3,0
37169,728,1,1,0
37240,1274,3,3,0
37009,3010,1,1,0
37158,1562,2,2,0
37085,1141,1,1,0
37198,4481,3,3,0
37204,2929,3,3,0
37096,2061,1,1,0
37207,1235,1,1,0
37058,1593,10,10,0
37065,847,2,2,0
37128,2237,2,2,0
37035,1856,1,1,0
37193,1643,1,1,0
37056,1947,2,2,0
37258,1051,1,1,0
37190,2600,1,1,0
37080,769,1,1,0
37023,1599,8,8,0
37162,605,1,1,0
37222,1891,4,4,0
37108,1260,1,1,0
37133,514,2,1,1
37157,1456,3,3,0
37275,333,1,1,0
38188,4206,3,1,2
38185,3733,473,8,465
38151,1937,44,3,41
38421,2522,50,4,46
38431,3758,7,6,1
38158,3315,13,1,12
38229,4193,22,5,17
38516,4206,12,4,8
38045,5740,6,6,0
38126,4766,5,2,3
38397,4278,17,7,10
38249,4003,6,3,3
38039,4712,3,3,0
38179,4036,8,1,7
38471,6369,2,2,0
38309,4096,1,1,0
38150,3102,19,5,14
38200,2849,5,3,2
38562,2638,29,8,21
38163,1687,7,2,5
38547,2779,25,4,21
38565,3770,21,12,9
38563,3462,96,15,81
38140,4334,9,8,1
38181,2568,9,8,1
38271,9787,3,1,2
38314,2903,31,12,19
38388,3358,3,3,0
38442,2894,10,2,8
38501,3029,10,4,6
38439,2253,11,7,4
38059,4436,6,4,2
38412,2384,10,3,7
38382,3043,43,9,34
38070,3683,4,3,1
38383,2864,11,6,5
38422,3693,10,7,3
38538,3404,16,10,6
38105,3142,6,4,2
38430,3551,2,0,2
38133,2981,9,7,2
38006,5613,40,9,31
38567,2890,19,1,18
38423,2665,10,0,10
38328,4596,3,3,0
38362,7908,7,5,2
38002,2991,17,4,13
38503,10775,26,8,18
38170,3181,5,0,5
38395,684,55,6,49
38236,4263,9,5,4
38061,3020,6,6,0
38071,2952,6,1,5
38466,3474,2,1,1
38155,2473,6,3,3
38511,3039,6,4,2
38376,2917,1,1,0
38529,3033,15,5,10
38432,2515,2,1,1
38068,3008,6,5,1
38350,9829,2,2,0
38404,3733,2,2,0
38206,8246,2,2,0
38478,2414,2,2,0
38504,3863,4,4,0
38100,3136,3,3,0
38407,2797,3,3,0
38472,2357,2,2,0
38528,3969,2,2,0
38120,2325,2,2,0
38062,2890,1,1,0
38175,2570,4,3,1
38027,3920,4,4,0
38075,3667,7,5,2
38445,3398,1,1,0
38426,1336,1,1,0
38446,2438,2,1,1
38303,4919,4,4,0
38268,2641,1,1,0
38214,2020,3,3,0
38405,1799,2,2,0
38191,6696,27,0,27
38187,3039,5,4,1
38169,2799,47,6,41
38254,3067,1,1,0
38548,3831,34,4,30
38111,3759,6,3,3
38486,6143,8,5,3
38031,774,1,1,0
38485,2374,22,3,19
38253,5145,44,3,41
38419,23693,6,6,0
38128,1196,2,2,0
38177,3479,1,1,0
38226,2040,8,8,0
38289,4290,4,0,4
38317,1706,23,0,23
38265,1732,3,3,0
38225,3525,7,3,4
38524,3518,11,3,8
38462,2455,3,2,1
38396,1655,2,0,2
38040,5478,3,1,2
38474,2751,23,11,12
38020,4255,1,1,0
38205,4307,6,2,4
38304,3151,2,2,0
38186,2176,7,2,5
38545,4792,17,7,10
38266,1143,1,1,0
38264,2424,3,0,3
38499,2722,4,1,3
38433,4113,3,2,1
38469,1500,1,1,0
38173,1000,1,0,1
38243,3393,1,1,0
38321,4861,1,1,0
38129,7951,5,1,4
38550,4761,1,0,1
38204,3333,1,1,0
38283,1734,1,1,0
38497,1333,1,1,0
38424,1318,2,2,0
38527,5650,2,0,2
38115,686,1,1,0
38005,2120,3,0,3
38281,3456,2,2,0
38269,1569,6,1,5
38052,2397,5,3,2
38366,5147,1,1,0
38078,3095,1,1,0
38364,2699,2,2,0
38239,2506,9,5,4
38252,2702,1,1,0
38417,3997,1,1,0
38337,2256,5,3,2
38319,1929,3,3,0
38093,2440,2,2,0
38416,2238,10,4,6
38154,2213,1,1,0
38334,2960,1,1,0
38379,1845,1,1,0
38540,2990,1,1,0
38517,2525,3,2,1
38332,2160,4,4,0
38270,3073,1,1,0
38566,3358,3,3,0
38030,2913,6,5,1
38368,3778,1,1,0
38273,1566,1,1,0
38057,4665,1,1,0
38400,2138,2,1,1
38394,1510,1,0,1
38457,1989,4,3,1
38084,2482,2,2,0
38533,2559,4,4,0
38453,2613,2,2,0
38492,2271,1,1,0
38216,2073,1,1,0
38279,3148,3,2,1
38410,3051,1,1,0
38518,1665,2,2,0
38373,3900,1,1,0
38436,4174,2,2,0
38106,5253,1,1,0
38514,1324,1,0,1
38347,660,1,1,0
38409,1365,2,2,0
38331,4626,3,3,0
38004,1560,1,1,0
38454,1154,1,1,0
38245,1778,2,0,2
38403,1565,1,1,0
38549,2579,1,1,0
38237,3177,1,1,0
38338,3012,3,3,0
38137,2333,1,1,0
38559,7189,6,0,6
38391,10419,2,2,0
38490,2065,1,1,0
38561,2395,3,3,0
38117,2610,1,1,0
38095,2164,1,1,0
38171,1145,1,1,0
38505,2167,1,1,0
38212,842,1,0,1
38360,3618,4,0,4
38064,1986,2,2,0
38507,3582,4,4,0
38083,876,1,1,0
38043,2138,1,1,0
38455,2906,1,1,0
38401,2169,1,1,0
38357,2343,2,2,0
38543,2738,1,1,0
38076,2066,3,3,0
38320,2809,2,2,0
38509,1760,1,0,1
38082,6375,1,1,0
38316,3218,1,1,0
38097,2643,1,1,0
38019,1825,1,0,1
38479,2343,1,1,0
38085,3595,1,1,0
38259,3500,2,2,0
38298,2297,1,1,0
38544,2496,1,0,1
38468,7587,2,0,2
38069,2035,1,1,0
38399,2149,3,3,0
38553,3169,1,0,1
38193,1592,1,1,0
38180,1986,1,1,0
38344,2416,1,1,0
38110,3962,2,2,0
38530,4125,1,1,0
38001,2476,2,1,1
38012,3036,1,1,0
38465,1667,1,1,0
38343,5732,6,6,0
38450,1380,1,1,0
39485,1729,14,7,7
39339,999,6,5,1
39013,2558,39,27,12
39547,2118,5,3,2
39056,1975,21,11,10
39057,1786,2,0,2
39300,2360,196,39,157
39526,1850,26,19,7
39533,1863,3,2,1
39030,1936,12,6,6
39196,2133,9,1,8
39501,1757,10,7,3
39380,832,2,2,0
39458,1667,3,3,0
39088,1513,8,6,2
39537,1713,2,2,0
39478,1474,127,18,109
39189,1942,26,19,7
39198,3913,280,106,174
39470,3824,75,11,64
39140,286,2,2,0
39032,1647,3,3,0
39104,1253,7,7,0
39436,137,1,1,0
39275,3648,15,8,7
39368,4639,65,8,57
39059,3505,23,9,14
39441,3337,23,4,19
39479,1385,4,4,0
39424,1906,3,0,3
39367,2386,17,12,5
39491,1448,13,6,7
39546,6970,5,1,4
39019,2011,3,3,0
39008,1713,4,4,0
39270,1465,10,10,0
39097,3301,75,28,47
39411,2580,11,3,8
39415,1341,10,10,0
39500,6050,60,9,51
39575,1093,2,2,0
39273,2313,4,1,3
39205,1055,7,7,0
39370,1921,9,8,1
39149,2115,2,2,0
39407,1241,7,7,0
39315,1018,2,2,0
39435,1977,14,3,11
39320,3043,8,8,0
39362,1448,30,16,14
39255,802,5,3,2
39582,1512,3,3,0
39154,2044,9,8,1
39021,1630,4,4,0
39434,3222,48,19,29
39333,1493,10,8,2
39271,3498,7,4,3
39468,1071,3,3,0
39476,1417,13,13,0
39051,1860,2,2,0
39009,1103,3,3,0
39301,1394,2,2,0
39391,505,4,3,1
39042,2544,2,2,0
39331,2772,9,6,3
39199,1755,13,9,4
39003,1575,2,2,0
39452,1644,6,3,3
39150,1376,7,5,2
39328,1359,2,2,0
39035,1631,4,4,0
39028,1755,4,4,0
39398,736,3,3,0
39290,1161,6,6,0
39576,1402,19,15,4
39233,2022,11,8,3
39099,2057,2,2,0
39302,1625,2,2,0
39128,1388,13,13,0
39286,2413,22,10,12
39156,1286,4,4,0
39350,3668,9,3,6
39439,1330,8,0,8
39137,1689,5,5,0
39018,1477,7,7,0
39096,774,5,5,0
39365,4526,23,9,14
39522,2179,3,3,0
39166,172,1,1,0
39472,849,3,3,0
39131,1723,4,4,0
39048,1776,4,4,0
39072,1261,2,2,0
39422,830,3,3,0
39265,16731,1,1,0
39322,1390,2,2,0
39354,934,2,0,2
39079,1177,2,2,0
39498,2017,6,6,0
39573,2136,5,3,2
39451,3094,10,7,3
39232,2300,6,6,0
39245,1909,10,10,0
39297,2836,8,6,2
39475,1397,31,19,12
39364,1470,6,4,2
39511,711,2,2,0
39330,1365,1,1,0
39193,2473,10,10,0
39317,1475,1,1,0
39397,1995,25,8,17
39420,895,4,4,0
39171,1342,12,12,0
39487,2474,19,10,9
39471,1471,3,3,0
39279,1585,7,7,0
39130,1407,8,8,0
39129,3512,6,3,3
39236,1588,4,4,0
39173,1851,26,16,10
39228,3120,6,2,4
39034,1398,2,2,0
39188,5121,12,2,10
39304,1791,2,2,0
39278,2000,1,1,0
39063,1882,7,5,2
39185,1263,4,1,3
39169,1436,6,6,0
39164,1856,13,8,5
39389,1616,2,2,0
39177,1751,4,4,0
39504,1463,5,5,0
39569,3414,6,2,4
39574,1078,10,7,3
39043,1590,20,20,0
39180,1042,2,2,0
39396,1989,15,8,7
39306,2619,4,2,2
39122,6141,2,2,0
39560,2660,8,4,4
39062,2591,6,5,1
39392,1430,6,2,4
39510,2941,7,6,1
39263,1011,4,3,1
39016,1006,12,9,3
39378,1928,13,13,0
39520,906,6,5,1
39429,2120,9,9,0
39366,951,1,1,0
39266,1132,2,2,0
39090,966,1,1,0
39412,1188,6,6,0
39047,9138,34,2,32
39462,1609,5,5,0
39481,3617,5,1,4
39092,1528,4,4,0
39405,2147,4,4,0
39550,5259,4,2,2
39385,1642,1,1,0
39001,2112,4,4,0
39461,817,1,1,0
39159,1552,2,2,0
39413,1511,8,8,0
39235,1786,2,2,0
39078,1377,6,4,2
39274,7948,3,3,0
39209,487,3,3,0
39194,1702,3,3,0
39010,824,5,5,0
39109,2587,3,3,0
39050,4161,4,4,0
39532,1066,1,1,0
39579,2145,3,3,0
39530,1374,7,7,0
39361,2355,2,2,0
39217,1529,4,4,0
39474,2910,4,4,0
39545,3190,3,0,3
39531,1911,3,1,2
39310,1776,5,3,2
39153,1734,4,4,0
39289,714,2,2,0
39107,765,2,2,0
39293,2650,3,3,0
39176,855,9,3,6
39448,2316,8,6,2
39528,819,3,3,0
39039,1552,5,4,1
39453,2303,1,1,0
39167,2054,4,4,0
39280,5416,1,1,0
39444,2304,3,3,0
39054,1700,3,3,0
39288,1696,4,4,0
39022,1618,3,3,0
39503,1707,3,3,0
39295,1359,2,2,0
39426,2178,8,8,0
39314,898,1,1,0
39238,1000,1,1,0
39026,1768,6,6,0
39401,1598,5,5,0
39219,1726,4,4,0
39342,2001,1,1,0
39514,1125,5,5,0
39074,752,1,1,0
39045,1170,1,1,0
39011,1008,7,7,0
39218,750,1,1,0
39192,1641,3,1,2
39210,753,1,0,1
39017,1465,4,4,0
39292,2793,4,2,2
39494,3044,2,2,0
39344,1769,2,2,0
39572,915,1,1,0
39353,1028,6,6,0
39584,2066,4,4,0
39402,1951,1,1,0
39571,974,2,2,0
39559,2324,2,2,0
39251,1344,6,5,1
39093,2433,11,5,6
39517,1706,4,4,0
39126,2581,1,1,0
39138,1179,5,5,0
39523,1443,2,2,0
39349,1193,2,2,0
39083,2600,2,2,0
39183,1851,1,1,0
39160,1289,10,10,0
39058,1588,3,3,0
39253,937,3,3,0
39308,1927,2,2,0
39291,1595,2,2,0
39387,2106,1,1,0
39325,1083,4,4,0
39552,1866,1,1,0
39191,1034,1,1,0
39208,2408,2,2,0
39551,1276,6,6,0
39561,1107,2,2,0
39172,3720,1,1,0
39535,1451,3,3,0
39006,1350,3,3,0
39319,2319,2,2,0
39095,2167,2,2,0
39352,2229,1,1,0
39202,933,2,2,0
39124,2026,5,3,2
39086,579,4,2,2
39024,1007,3,3,0
39190,1298,2,2,0
39558,1660,4,4,0
39197,981,1,1,0
39014,1231,1,0,1
39386,1697,2,2,0
39449,689,1,1,0
39284,829,1,1,0
39529,376,1,1,0
39105,2253,3,3,0
39400,1710,7,7,0
39338,1671,3,3,0
39283,712,1,1,0
39117,2174,1,0,1
39326,1304,2,2,0
39281,1060,2,2,0
39421,3736,4,4,0
39508,1435,13,6,7
39025,769,5,5,0
39427,300,1,1,0
39214,2549,1,1,0
39102,1443,2,2,0
39570,1583,2,2,0
39216,783,3,2,1
39565,2207,2,2,0
39285,1358,5,5,0
39112,1579,1,1,0
39120,529,1,0,1
39348,1341,4,4,0
39489,1967,5,5,0
39390,3549,2,2,0
39146,2157,10,4,6
39227,2450,1,1,0
39041,688,1,1,0
39554,2531,3,2,1
39020,1577,4,4,0
39581,2177,5,5,0
39335,2180,4,4,0
39399,923,2,2,0
39507,602,2,2,0
39101,1711,11,10,1
39222,4266,12,12,0
39388,1453,3,1,2
39464,2422,1,1,0
39454,1434,2,2,0
39007,1545,1,1,0
39556,2147,2,2,0
39477,571,1,1,0
39463,200,1,1,0
39106,1492,1,1,0
39103,1095,2,2,0
39080,319,3,3,0
39201,1701,3,3,0
39027,522,1,1,0
39505,1836,3,3,0
39345,3214,1,1,0
39467,1462,1,1,0
39446,1378,2,2,0
39248,805,1,1,0
39431,990,1,1,0
39447,1081,1,1,0
39567,1905,3,3,0
39299,1053,2,2,0
39061,3107,2,2,0
39555,230,1,1,0
39313,1871,2,2,0
39229,725,9,9,0
39307,1154,4,4,0
39327,1887,3,3,0
39423,1444,1,1,0
39002,1614,1,1,0
39223,1224,2,2,0
39094,796,1,1,0
39455,315,1,1,0
39182,2081,4,2,2
39110,1054,1,1,0
39525,3331,1,1,0
39466,1347,2,2,0
39060,1983,2,2,0
39015,1282,1,1,0
39269,884,1,1,0
39443,1485,2,2,0
39312,1426,1,1,0
39430,1958,1,1,0
39220,2559,5,5,0
39100,1670,2,2,0
39473,2135,1,1,0
39404,1826,3,1,2
39437,178,3,1,2
39070,1768,2,2,0
39355,1136,1,1,0
39116,1583,1,1,0
39351,1976,1,1,0
39346,755,1,1,0
39298,2326,1,1,0
39252,1620,5,5,0
39068,517,3,3,0
39379,1150,1,1,0
39490,833,6,2,4
39445,204,1,1,0
39225,1148,3,3,0
39145,1258,2,2,0
39170,868,2,2,0
39497,1918,1,1,0
39174,4116,1,1,0
39237,3109,4,2,2
39234,2398,2,2,0
39334,1126,2,0,2
39337,1257,1,1,0
39084,893,1,1,0
39127,1623,1,1,0
39151,1925,2,2,0
39179,2000,1,1,0
39296,1864,1,1,0
39305,1274,1,1,0
39262,2094,1,1,0
39323,1281,3,3,0
39141,2035,1,1,0
39456,1450,2,2,0
39258,2906,1,1,0
40152,2948,6,3,3
40182,5638,10,8,2
40328,5362,38,14,24
40312,4134,37,17,20
40167,2221,5,5,0
40132,4488,8,8,0
40067,3018,6,2,4
40306,2799,4,4,0
40088,3656,239,64,175
40243,2360,23,19,4
40065,7329,92,52,40
40278,3411,9,9,0
40304,10222,47,28,19
40157,3981,24,16,8
40075,2720,9,8,1
40276,3841,7,7,0
40209,4179,30,18,12
40236,1486,2,2,0
40247,3444,1,1,0
40284,3467,49,30,19
40133,4387,44,33,11
40296,7345,86,47,39
40235,1628,8,8,0
40287,3755,37,33,4
40279,3343,127,66,61
40245,1308,12,12,0
40001,1821,46,33,13
40011,754,1,1,0
40019,3056,15,8,7
40261,3523,15,15,0
40256,3024,3,3,0
40207,2834,8,8,0
40135,2308,9,9,0
40068,2434,6,6,0
40294,3606,13,9,4
40269,4775,5,5,0
40203,1543,4,4,0
40313,4379,43,36,7
40187,4783,39,17,22
40095,1580,7,7,0
40309,1278,5,5,0
40217,3265,59,48,11
40283,2498,22,16,6
40012,1510,3,3,0
40184,4059,67,48,19
40117,1459,13,9,4
40281,2135,62,40,22
40318,988,2,2,0
40192,4292,192,91,101
40246,3960,9,9,0
40259,717,4,4,0
40076,2001,3,3,0
40102,1194,6,6,0
40046,4401,128,66,62
40240,1161,3,2,1
40273,4087,22,15,7
40252,1722,8,8,0
40282,1831,35,26,9
40119,1748,23,19,4
40332,2425,8,8,0
40089,1964,1,1,0
40190,2245,1,1,0
40036,4154,24,16,8
40295,2733,7,7,0
40183,2095,7,7,0
40128,2093,3,3,0
40125,2162,9,9,0
40266,6522,13,10,3
40172,1039,1,1,0
40086,1377,3,3,0
40331,1584,18,17,1
40277,5897,9,9,0
40274,1781,5,5,0
40233,2322,26,22,4
40059,2404,4,4,0
40231,2712,15,15,0
40264,3171,7,7,0
40004,6004,14,11,3
40044,3082,4,3,1
40260,1531,3,3,0
40224,4031,34,19,15
40267,2516,11,10,1
40202,2446,11,11,0
40218,874,7,7,0
40288,2435,7,7,0
40280,1949,9,4,5
40210,2287,9,9,0
40147,1457,2,2,0
40062,1839,4,4,0
40168,3118,8,8,0
40230,2225,19,18,1
40321,1489,5,5,0
40056,1380,3,3,0
40310,4363,88,62,26
40326,3486,9,5,4
40080,1267,6,6,0
40181,5396,7,7,0
40268,2917,6,6,0
40118,3261,16,12,4
40040,1583,5,5,0
40229,2749,12,12,0
40314,1842,5,4,1
40179,3431,10,10,0
40219,1613,2,2,0
40051,1613,7,7,0
40029,1918,1,1,0
40022,1884,1,1,0
40307,1876,7,7,0
40201,1502,16,14,2
40180,2102,9,9,0
40134,3236,15,15,0
40212,2550,12,12,0
40198,667,1,1,0
40206,1719,1,1,0
40104,1826,6,6,0
40334,1633,2,2,0
40126,4060,19,17,2
40317,4597,18,17,1
40087,1263,5,5,0
40250,2274,1,1,0
40025,1929,7,7,0
40136,1985,2,2,0
40115,1988,3,3,0
40227,1974,11,10,1
40293,4299,9,7,2
40050,2311,2,2,0
40053,1678,4,4,0
40292,4298,10,10,0
40297,1380,1,1,0
40220,1136,1,1,0
40329,1564,5,5,0
40195,1701,4,4,0
40257,4471,9,9,0
40237,3942,3,3,0
40298,1547,3,3,0
40037,1804,13,13,0
40197,2387,18,15,3
40155,2610,7,7,0
40253,1609,4,4,0
40016,1919,5,5,0
40017,1499,1,1,0
40113,2100,6,6,0
40161,526,1,1,0
40127,1497,6,6,0
40275,1908,4,4,0
40285,1011,4,4,0
40171,637,1,1,0
40103,2695,3,3,0
40031,3114,4,4,0
40137,3573,4,4,0
40034,2508,6,2,4
40077,1720,3,3,0
40244,3336,10,10,0
40196,1356,4,4,0
40150,5572,17,14,3
40271,2920,5,5,0
40123,2582,13,11,2
40151,1999,1,1,0
40249,1441,2,2,0
40043,2433,6,6,0
40174,1250,1,1,0
40333,1740,4,4,0
40100,2255,3,3,0
40142,7993,3,2,1
40005,1685,4,4,0
40018,1790,5,5,0
40002,1322,3,3,0
40090,1013,3,3,0
40094,2202,12,12,0
40020,1767,11,11,0
40145,1270,5,5,0
40110,6307,10,3,7
40308,3735,9,9,0
40006,1770,2,2,0
40316,1904,2,2,0
40272,2357,11,2,9
40093,1630,1,1,0
40039,1898,3,3,0
40085,3516,6,6,0
40165,2151,3,3,0
40263,2192,3,3,0
40301,2437,3,3,0
40205,764,1,1,0
40149,2403,2,2,0
40291,1726,3,3,0
40163,4275,14,10,4
40200,1492,1,1,0
40084,2087,6,6,0
40069,1265,3,2,1
40223,425,1,1,0
40061,1830,3,2,1
40109,1787,8,8,0
40021,3838,10,10,0
40258,1929,4,4,0
40131,1814,2,2,0
40178,1786,4,4,0
40255,1307,6,6,0
40035,876,1,1,0
40222,3073,3,3,0
40159,1807,3,3,0
40216,2135,3,3,0
40108,4238,7,7,0
40143,900,2,2,0
40072,1152,2,2,0
40092,1632,4,4,0
40082,1544,2,2,0
40194,1769,2,2,0
40030,2413,1,1,0
40251,4293,2,2,0
40221,1986,1,1,0
40226,1812,2,2,0
40300,2262,6,6,0
40320,2064,3,3,0
40315,4224,2,2,0
40073,2014,1,1,0
40211,2938,1,1,0
40189,6922,3,3,0
40286,1155,4,4,0
40290,1127,2,2,0
40191,2736,8,8,0
40186,2311,5,5,0
40071,1015,1,1,0
40158,883,1,1,0
40238,1696,8,8,0
40081,2167,1,1,0
40063,3093,7,6,1
40139,1823,2,2,0
40248,3858,6,4,2
40014,525,1,1,0
40234,989,2,2,0
40325,1812,1,1,0
40322,1722,1,1,0
40270,2188,1,1,0
40066,1934,2,2,0
40003,1731,2,2,0
40078,2108,1,1,0
40140,2882,1,1,0
40023,2318,3,3,0
40141,1308,1,1,0
40047,1281,3,3,0
40097,8077,6,0,6
40153,1849,1,1,0
40129,7823,3,3,0
40156,3596,3,1,2
40058,2324,1,1,0
40049,793,3,3,0
40101,1430,2,2,0
40176,4831,2,2,0
40144,2187,1,1,0
40055,1940,2,2,0
40162,1658,5,5,0
40042,1052,2,2,0
40170,1071,3,3,0
40228,1812,3,2,1
40122,1929,2,2,0
40164,1942,2,2,0
40124,2569,1,1,0
40214,1909,4,4,0
40188,1269,1,1,0
40105,1679,2,2,0
40026,781,3,3,0
40199,5502,4,0,4
40120,2262,1,1,0
40324,417,1,1,0
40330,2563,3,3,0
40175,484,1,1,0
40154,2652,2,0,2
40114,3752,2,2,0
40311,4400,2,2,0
40213,3520,2,1,1
40185,2878,2,2,0
40265,1588,1,1,0
40204,1303,2,2,0
40099,1304,1,1,0
40111,5238,4,4,0
40319,3627,2,2,0
40146,986,2,2,0
41095,1344,16,14,2
41190,1294,2,2,0
41198,1460,47,41,6
41018,2823,526,187,339
41059,4088,65,65,0
41286,1204,5,5,0
41228,887,4,4,0
41120,3460,26,26,0
41242,1309,61,60,1
41067,3396,42,39,3
41232,22563,67,61,6
41143,983,16,12,4
41176,14206,24,24,0
41167,1665,46,46,0
41248,1375,18,18,0
41047,2503,37,25,12
41259,2187,6,6,0
41173,1340,45,45,0
41149,3159,61,55,6
41136,1760,45,42,3
41150,2155,38,38,0
41102,1921,6,6,0
41265,1843,10,10,0
41171,1349,19,17,2
41180,3226,15,15,0
41285,1599,7,5,2
41214,1075,10,10,0
41132,1227,3,3,0
41269,2361,193,102,91
41008,2080,10,7,3
41043,1150,26,26,0
41194,1919,259,216,43
41245,1657,4,4,0
41288,3247,10,8,2
41106,1875,50,50,0
41055,2843,37,37,0
41295,10666,91,65,26
41253,1430,4,4,0
41239,2659,26,26,0
41012,694,4,2,2
41040,2280,11,11,0
41203,2412,4,4,0
41220,1872,33,30,3
41054,1231,2,2,0
41017,1580,7,7,0
41075,1291,16,16,0
41184,833,17,17,0
41053,679,8,8,0
41238,1033,33,31,2
41044,1273,24,24,0
41142,1612,25,25,0
41231,1449,20,20,0
41276,4367,20,20,0
41241,1481,15,15,0
41226,1896,28,28,0
41146,1405,20,20,0
41151,2607,71,37,34
41126,5374,23,23,0
41051,1530,7,7,0
41211,1697,35,35,0
41002,1816,16,16,0
41139,1527,29,29,0
41025,1682,8,8,0
41105,1534,12,12,0
41039,1312,2,2,0
41016,1024,14,14,0
41049,1738,22,22,0
41010,1646,9,9,0
41097,1119,33,33,0
41185,3464,50,50,0
41252,1565,13,13,0
41052,1681,12,12,0
41032,1998,30,30,0
41284,535,1,1,0
41207,3777,25,13,12
41234,1381,1,1,0
41223,1528,5,5,0
41038,1314,15,15,0
41090,1265,6,6,0
41135,891,16,16,0
41063,921,6,6,0
41237,1829,20,20,0
41154,1151,14,14,0
41074,2105,19,15,4
41088,1079,5,5,0
41187,2115,3,3,0
41141,837,3,3,0
41177,873,4,4,0
41218,1138,12,12,0
41157,2671,17,14,3
41181,1281,22,22,0
41050,1891,10,10,0
41256,1361,13,13,0
41080,1696,12,12,0
41250,1128,21,21,0
41164,1241,44,42,2
41155,1446,9,9,0
41104,1814,19,17,2
41212,2413,26,26,0
41031,3442,29,23,6
41296,5539,23,23,0
41235,829,9,9,0
41107,1585,5,5,0
41109,1878,10,10,0
41166,1637,6,6,0
41200,1771,1,1,0
41101,1213,5,4,1
41294,2038,13,13,0
41089,844,7,7,0
41267,1838,9,9,0
41258,3522,22,18,4
41144,2049,11,11,0
41297,1793,6,6,0
41035,1492,6,6,0
41110,2226,21,19,2
41280,1001,27,26,1
41022,1118,3,3,0
41060,907,9,9,0
41145,1888,13,13,0
41158,1635,21,21,0
41007,1354,4,3,1
41279,2126,6,6,0
41147,2118,24,24,0
41175,1358,15,15,0
41271,1489,7,7,0
41230,1970,10,10,0
41091,1986,2,2,0
41229,1382,25,25,0
41128,2100,3,3,0
41006,964,6,6,0
41174,743,3,3,0
41113,5333,2,2,0
41255,944,2,2,0
41140,8624,5,5,0
41204,2332,10,8,2
41083,2155,8,8,0
41062,711,4,4,0
41046,3338,19,19,0
41249,1163,10,10,0
41036,4517,21,21,0
41201,1290,3,3,0
41189,1521,6,6,0
41085,1617,12,12,0
41283,1777,5,5,0
41070,1322,11,11,0
41199,1236,11,11,0
41069,1923,5,5,0
41061,2687,7,7,0
41130,1219,2,2,0
41137,6038,13,13,0
41247,1652,16,16,0
41161,14955,33,33,0
41029,1891,5,5,0
41222,1091,4,4,0
41273,1072,2,2,0
41094,3009,17,17,0
41096,1017,10,10,0
41134,1224,6,4,2
41086,2059,6,6,0
41246,2042,9,9,0
41099,2895,4,4,0
41123,1131,1,1,0
41243,1307,5,5,0
41129,2352,7,7,0
41115,1002,5,5,0
41148,1825,9,9,0
41209,1113,6,6,0
41221,1124,11,11,0
41114,1942,3,3,0
41206,2039,3,3,0
41045,1620,11,10,1
41217,1907,8,8,0
41004,893,5,5,0
41037,1481,3,3,0
41219,1096,7,7,0
41260,1447,4,4,0
41287,1389,6,6,0
41125,1441,8,7,1
41156,1945,3,3,0
41196,941,4,4,0
41131,1191,3,3,0
41071,4381,3,3,0
41041,1300,3,3,0
41293,940,1,1,0
41281,1239,6,6,0
41026,948,5,5,0
41020,477,4,4,0
41100,1148,3,3,0
41282,22193,13,13,0
41057,1508,3,3,0
41262,2608,7,7,0
41103,1734,2,2,0
41078,1332,13,13,0
41127,1960,5,5,0
41112,1316,4,4,0
41152,1397,4,4,0
41268,3415,7,7,0
41216,1202,5,5,0
41048,893,2,2,0
41266,1386,4,4,0
41073,1695,14,14,0
41084,3790,15,15,0
41275,3074,10,8,2
41079,1744,3,3,0
41028,4805,7,7,0
41233,9872,18,18,0
41024,530,2,2,0
41003,860,1,1,0
41159,923,6,6,0
41225,1766,7,7,0
41042,1549,4,4,0
41192,539,4,4,0
41014,321,2,2,0
41098,1037,2,2,0
41182,1473,6,6,0
41205,1173,3,3,0
41186,2593,4,4,0
41278,922,3,3,0
41119,1398,3,3,0
41009,550,2,2,0
41068,1523,4,3,1
41251,1606,3,3,0
41208,1213,2,2,0
41213,1924,1,1,0
41122,105,3,3,0
41168,1179,3,3,0
41058,1657,1,1,0
41116,1051,5,5,0
41077,700,1,1,0
41224,10051,6,6,0
41193,1167,8,8,0
41001,1417,1,1,0
41261,1042,1,1,0
41138,1622,2,2,0
41013,2261,5,5,0
41290,758,2,2,0
41108,737,1,1,0
41081,2269,3,3,0
41188,1624,1,1,0
41065,1340,1,1,0
41072,544,1,1,0
41236,1873,1,1,0
41093,2377,1,1,0
41179,1056,2,2,0
41291,1840,2,2,0
41066,3688,3,3,0
41160,1597,1,1,0
41030,825,1,1,0
41292,469,1,1,0
42150,2393,19,19,0
42218,10355,2668,165,2503
42094,3361,83,33,50
42123,2507,27,9,18
42219,2098,7,7,0
42159,4843,14,4,10
42044,9741,100,29,71
42195,1356,18,17,1
42204,1483,14,11,3
42305,3095,52,24,28
42095,2603,151,33,118
42330,5376,82,15,67
42097,2608,33,14,19
42256,2779,54,46,8
42214,2673,12,12,0
42207,3194,281,88,193
42225,2620,26,24,2
42275,11610,73,17,56
42042,2403,14,13,1
42279,3092,100,64,36
42107,1548,2,2,0
42323,2652,57,38,19
42259,2397,22,14,8
42186,2721,110,32,78
42234,2668,30,25,5
42189,2306,63,23,40
42056,2164,23,21,2
42002,568,1,1,0
42102,2136,5,4,1
42168,2281,29,20,9
42316,2388,47,27,20
42211,3102,16,9,7
42302,3378,42,18,24
42223,2489,47,21,26
42013,3124,13,9,4
42304,4225,81,49,32
42197,1904,14,14,0
42139,1321,8,6,2
42022,3068,21,15,6
42018,2777,4,4,0
42262,1866,10,10,0
42285,2254,22,17,5
42240,1966,6,6,0
42005,2632,67,38,29
42311,3470,11,9,2
42053,1934,14,14,0
42271,13848,52,17,35
42237,7552,99,29,70
42192,1299,5,5,0
42093,1490,5,4,1
42322,1942,11,9,2
42216,2497,5,4,1
42147,2738,126,64,62
42327,2739,5,4,1
42238,393,1,1,0
42001,2875,2,2,0
42227,1183,5,5,0
42092,2872,23,15,8
42180,1878,11,7,4
42324,2574,7,7,0
42264,2499,5,5,0
42164,589,1,1,0
42126,1288,8,8,0
42091,1349,9,9,0
42283,2361,11,7,4
42020,2339,9,9,0
42081,2122,10,10,0
42183,2472,64,16,48
42205,2687,12,6,6
42251,1312,2,2,0
42242,2948,9,7,2
42143,3529,19,9,10
42138,1783,5,5,0
42099,2026,38,23,15
42009,1646,10,10,0
42208,2411,20,14,6
42085,3596,3,3,0
42006,1723,7,7,0
42032,2140,5,5,0
42105,3129,1,1,0
42193,1772,11,11,0
42272,1764,15,13,2
42265,10958,6,5,1
42019,2465,55,32,23
42059,2635,37,19,18
42222,2614,49,28,21
42066,1515,2,2,0
42110,2948,31,11,20
42149,2474,46,28,18
42090,1337,4,4,0
42191,2523,14,11,3
42298,786,5,3,2
42103,3053,43,15,28
42200,2664,12,12,0
42065,2133,7,7,0
42175,1951,16,16,0
42172,1900,5,2,3
42023,4024,29,8,21
42088,1843,6,6,0
42299,2383,25,17,8
42328,2012,6,5,1
42073,1815,4,4,0
42155,1817,17,15,2
42134,1718,12,12,0
42312,2008,7,7,0
42136,2336,7,7,0
42021,2292,7,7,0
42089,2316,11,11,0
42296,2303,5,5,0
42055,1143,1,1,0
42321,1240,4,4,0
42043,3380,10,7,3
42067,1195,2,2,0
42122,2580,10,10,0
42075,2162,10,9,1
42012,1772,4,4,0
42169,1636,11,9,2
42224,2417,6,6,0
42113,522,1,1,0
42148,1435,5,5,0
42266,2089,6,5,1
42326,3560,4,2,2
42054,1735,8,8,0
42096,2140,2,2,0
42046,1744,14,12,2
42179,1552,3,3,0
42115,1915,6,5,1
42270,1817,12,9,3
42318,1360,18,10,8
42058,2326,5,5,0
42017,1951,8,8,0
42269,2079,1,1,0
42051,2869,3,3,0
42235,871,2,2,0
42087,2118,14,13,1
42301,1760,8,8,0
42119,300,2,2,0
42121,2037,1,1,0
42137,2033,8,8,0
42319,1860,8,6,2
42062,1634,7,6,1
42174,2148,9,9,0
42038,1623,6,6,0
42288,1230,5,5,0
42286,2073,1,1,0
42165,2168,19,10,9
42132,2295,5,5,0
42336,1820,9,9,0
42246,1098,9,9,0
42039,820,5,4,1
42228,2070,6,6,0
42151,1000,1,1,0
42245,411,5,5,0
42010,2282,8,8,0
42201,2129,5,5,0
42041,2399,4,4,0
42142,2146,3,3,0
42308,3013,4,3,1
42130,2154,1,1,0
42185,2394,1,1,0
42129,2508,14,14,0
42167,2872,4,4,0
42040,655,1,1,0
42140,1956,3,3,0
42083,1429,1,1,0
42307,2512,6,6,0
42064,2106,2,2,0
42045,990,3,3,0
42206,4066,10,9,1
42060,3402,1,1,0
42261,1887,4,4,0
42297,2578,2,2,0
42320,2308,2,2,0
42217,1246,4,4,0
42031,2450,4,4,0
42188,1309,4,2,2
42313,1278,5,5,0
42037,3066,1,1,0
42210,1969,1,1,0
42335,1294,2,2,0
42290,3481,2,2,0
42108,2375,3,3,0
42310,1939,1,1,0
42221,2029,1,1,0
42135,2607,4,4,0
42202,1229,1,1,0
42247,1816,3,3,0
42109,1282,8,7,1
42306,1877,3,1,2
42028,2254,2,2,0
42287,2020,9,3,6
42050,1196,1,1,0
42278,1400,1,1,0
42280,2941,1,1,0
42187,2084,518,99,419
42239,1801,13,10,3
42249,2791,26,13,13
42257,740,8,8,0
42184,2338,125,83,42
42339,970,7,7,0
42007,1685,3,3,0
42177,1859,25,19,6
42071,2159,91,22,69
42011,1865,20,15,5
42069,2424,47,41,6
42332,2245,59,47,12
42233,2045,4,4,0
42182,2114,34,27,7
42293,2038,15,8,7
42078,584,2,2,0
42267,1596,7,7,0
42127,2090,42,36,6
42063,884,5,4,1
42334,1552,16,14,2
42152,2105,10,10,0
42203,1301,3,3,0
42268,1161,6,6,0
42289,2059,17,14,3
42008,388,3,3,0
42274,1723,5,5,0
42141,1541,9,8,1
42145,1587,12,10,2
42029,1029,23,11,12
42176,4619,25,25,0
42076,1759,8,8,0
42170,1924,8,8,0
42248,1419,19,11,8
42213,1236,4,4,0
42015,1463,18,15,3
42079,1059,8,8,0
42333,2484,5,5,0
42215,1265,6,6,0
42086,1795,15,15,0
42173,654,9,9,0
42098,2493,10,7,3
42016,1871,1,1,0
42026,1693,17,16,1
42003,1140,23,23,0
42104,1168,11,11,0
42198,1549,14,14,0
42300,1171,4,4,0
42061,1245,4,4,0
42125,776,1,1,0
42070,1762,11,11,0
42199,1836,23,22,1
42052,1792,41,12,29
42181,1269,30,19,11
42153,659,4,4,0
42338,2159,10,5,5
42236,2298,5,5,0
42157,1156,12,12,0
42074,2260,9,9,0
42230,1041,19,18,1
42178,2508,8,6,2
42284,1614,24,23,1
42232,1372,6,6,0
42196,1362,1,1,0
42158,663,2,2,0
42331,2142,3,3,0
42163,1406,17,15,2
42120,1964,11,9,2
42276,866,2,2,0
42027,2575,6,6,0
42260,1253,5,5,0
42243,885,1,1,0
42209,1994,8,8,0
42220,1057,3,2,1
42162,2014,11,11,0
42106,931,2,2,0
42241,1315,6,4,2
42171,1646,1,1,0
42154,1254,10,10,0
42337,2562,2,2,0
42033,1371,5,4,1
42303,3766,17,17,0
42116,669,3,3,0
42166,1454,2,2,0
42049,1155,6,5,1
42253,2225,6,6,0
42231,2397,11,7,4
42118,1609,5,5,0
42128,1493,4,4,0
42161,1471,4,4,0
42255,556,1,1,0
42226,984,1,1,0
42014,1786,6,6,0
42294,1693,6,6,0
42282,1351,4,4,0
42048,1766,13,13,0
42131,2111,5,5,0
42314,603,2,2,0
42047,1523,4,4,0
42254,1062,3,3,0
42325,3215,5,5,0
42229,1746,4,4,0
42156,2651,7,7,0
42194,1111,3,3,0
42273,647,1,1,0
42277,1020,2,2,0
42212,1660,2,2,0
42077,1448,2,2,0
43138,637,4,4,0
43185,1125,14,14,0
43157,2032,156,20,136
43177,2106,27,9,18
43049,522,3,3,0
43160,1134,2,2,0
43098,1097,1,1,0
43125,395,1,1,0
43026,805,4,4,0
43120,553,3,3,0
43093,544,5,5,0
43056,718,4,3,1
43165,1404,6,6,0
43076,976,3,3,0
43163,1027,12,5,7
43082,1261,1,1,0
43253,1643,4,4,0
43051,1784,14,6,8
43164,685,3,3,0
43244,1788,12,10,2
43025,1768,16,8,8
43022,1750,1,1,0
43113,1310,6,6,0
43004,978,1,1,0
43080,1761,20,9,11
43268,2349,43,28,15
43132,1580,6,4,2
43241,1424,3,3,0
43058,2269,6,5,1
43205,1932,11,8,3
43018,1947,10,6,4
43174,917,3,3,0
43101,1259,2,2,0
43041,3875,22,5,17
43141,2638,25,10,15
43228,4453,1,1,0
43237,1516,6,6,0
43020,2696,18,13,5
43099,1348,9,9,0
43148,790,6,6,0
43211,2108,9,7,2
43224,2501,29,23,6
43236,1000,1,0,1
43089,1351,16,10,6
43046,1858,8,7,1
43186,2864,6,3,3
43034,1763,4,1,3
43121,1070,2,2,0
43135,1417,7,7,0
43084,1810,4,4,0
43251,1399,7,3,4
43040,3505,52,13,39
43117,1243,3,3,0
43215,692,3,3,0
43137,2573,29,21,8
43059,692,2,2,0
43037,1642,4,4,0
43152,1383,6,6,0
43111,1115,4,4,0
43258,1490,7,7,0
43023,1717,1,1,0
43231,1341,1,1,0
43024,1583,6,6,0
43119,1242,3,3,0
43112,1028,14,13,1
43123,1200,1,1,0
43180,1484,1,1,0
43162,1593,7,6,1
43229,1266,3,3,0
43267,1452,7,7,0
43257,1225,3,3,0
43221,1374,2,2,0
43167,1491,3,3,0
43052,841,3,3,0
43007,926,2,2,0
43061,1824,6,6,0
43012,3396,23,10,13
43021,1433,5,4,1
43054,967,2,2,0
43262,1975,6,5,1
43136,522,3,2,1
43001,737,1,1,0
43078,2026,8,8,0
43166,1336,2,2,0
43178,1393,2,2,0
43142,1485,5,5,0
43213,1441,9,8,1
43239,1442,4,4,0
43153,1403,6,6,0
43107,189,1,1,0
43048,729,9,9,0
43199,4383,5,1,4
43035,2368,1,1,0
43187,584,2,2,0
43159,1917,3,3,0
43114,1703,10,4,6
43265,3058,5,5,0
43002,3790,10,8,2
43233,1550,2,2,0
43207,2133,2,2,0
43086,500,1,1,0
43190,1999,17,17,0
43016,1159,2,2,0
43143,1650,1,1,0
43245,1459,1,1,0
43227,2578,2,2,0
43264,5542,1,1,0
43234,1084,6,6,0
43220,872,2,2,0
43071,650,1,1,0
43168,2350,1,1,0
43003,566,1,1,0
43043,1000,2,2,0
43249,2150,2,2,0
43200,3832,11,5,6
43019,1554,2,2,0
43062,209,1,1,0
43124,959,5,5,0
43129,1867,1,1,0
43212,1846,9,7,2
43090,982,1,1,0
43192,1918,5,3,2
43181,1841,3,3,0
43038,1161,3,3,0
43033,1000,1,1,0
43216,1071,4,4,0
43050,253,2,2,0
43130,2436,6,4,2
43230,1917,5,5,0
43109,610,1,1,0
43232,1129,5,5,0
43100,1076,3,3,0
43031,2581,1,1,0
43195,504,2,2,0
43118,1393,1,1,0
43065,766,1,1,0
43096,1633,4,4,0
43240,1729,2,2,0
43110,2780,1,1,0
43223,2187,7,7,0
43206,529,3,3,0
43170,421,3,3,0
43014,452,1,1,0
43108,2167,1,1,0
43261,469,1,1,0
43128,1898,3,3,0
43145,778,1,1,0
43006,191,1,1,0
43144,1325,1,1,0
43127,2633,1,1,0
43087,4245,21,5,16
43204,2242,2,2,0
43254,870,4,4,0
43102,2077,7,5,2
43250,250,1,1,0
43218,2119,3,3,0
43134,340,1,1,0
43097,306,1,1,0
43115,1243,2,2,0
43133,2343,2,2,0
43158,137,1,1,0
43011,1457,1,1,0
43202,562,1,1,0
43126,352,1,1,0
43057,908,1,1,0
43150,1830,5,5,0
43184,2174,3,2,1
43194,1523,5,3,2
43069,1875,1,1,0
43154,886,2,2,0
43105,6,1,1,0
43088,1351,2,2,0
43013,577,3,3,0
43039,559,2,2,0
43198,1288,1,1,0
43091,1311,4,4,0
43010,2273,3,3,0
43055,227,1,1,0
43074,1664,3,3,0
43222,941,1,1,0
43217,280,1,1,0
43032,2256,1,1,0
43196,615,1,1,0
43008,2339,1,1,0
43219,667,1,1,0
43259,2033,1,1,0
43095,1143,1,1,0
43263,2222,1,1,0
43131,2236,2,2,0
43047,1918,1,1,0
43053,1267,1,1,0
43188,549,1,1,0
43189,2308,1,1,0
43073,1357,4,4,0
43060,429,1,1,0
43147,1965,2,2,0
43140,1908,1,1,0
43246,750,2,0,2
43116,3269,1,1,0
43214,881,1,1,0
44029,3251,35,34,1
44020,3801,168,130,38
44109,5342,3118,584,2534
44028,2871,28,26,2
44143,3583,393,166,227
44121,934,8,8,0
44190,3924,238,125,113
44043,3927,47,33,14
44204,4025,64,43,21
44212,2911,49,45,4
44208,1813,9,9,0
44066,3091,46,43,3
44002,2247,24,21,3
44084,3666,58,51,7
44155,3094,25,21,4
44216,3228,34,30,4
44162,2618,505,150,355
44035,4059,132,97,35
44026,3558,117,73,44
44075,1557,21,21,0
44114,5037,200,108,92
44027,2873,15,14,1
44074,4072,36,21,15
44115,2530,25,25,0
44201,4352,41,37,4
44179,2818,33,33,0
44215,4465,169,134,35
44119,1807,13,13,0
44209,3633,55,42,13
44003,3627,60,31,29
44194,3917,81,69,12
44172,3618,115,78,37
44207,1821,6,6,0
44180,1298,14,13,1
44169,3133,69,63,6
44031,1225,11,11,0
44009,3835,49,40,9
44198,3438,61,43,18
44156,2491,22,22,0
44124,1355,5,5,0
44079,2458,15,15,0
44064,2879,30,27,3
44071,3135,32,31,1
44122,2526,26,26,0
44077,1818,25,22,3
44127,2548,16,16,0
44108,3131,20,18,2
44036,2298,143,93,50
44051,1946,22,22,0
44081,2506,52,46,6
44102,2526,20,20,0
44018,3496,61,49,12
44157,2016,18,18,0
44014,3314,29,28,1
44087,2553,62,56,6
44149,2913,20,18,2
44032,2867,29,29,0
44163,1951,45,44,1
44174,3134,21,21,0
44223,2492,21,18,3
44173,2035,11,11,0
44140,1650,9,9,0
44213,1926,67,64,3
44054,1366,23,21,2
44107,2159,13,13,0
44048,1895,12,12,0
44096,2893,20,19,1
44142,2330,16,16,0
44104,1911,8,8,0
44150,3786,39,36,3
44088,2362,18,14,4
44110,3086,71,64,7
44037,3068,26,26,0
44188,3581,54,47,7
44222,2124,8,8,0
44144,2026,20,20,0
44083,1944,12,12,0
44178,2442,22,22,0
44148,3261,16,16,0
44090,2627,27,27,0
44100,2593,25,25,0
44063,2567,15,14,1
44086,1525,13,13,0
44141,2247,9,8,1
44082,2464,37,37,0
44193,2608,14,14,0
44202,2157,15,11,4
44112,1071,1,1,0
44099,1714,28,28,0
44200,744,3,3,0
44171,3447,12,12,0
44146,1376,26,23,3
44022,1874,20,20,0
44105,1645,10,8,2
44001,1904,26,24,2
44041,2775,45,45,0
44170,1133,14,12,2
44070,3438,38,38,0
44118,1535,11,11,0
44094,4126,17,13,4
44113,2198,33,24,9
44073,8051,57,44,13
44221,2604,6,6,0
44214,1612,14,14,0
44076,2190,9,6,3
44117,2585,18,17,1
44095,1453,17,15,2
44130,3517,36,36,0
44224,2089,16,16,0
44199,1937,35,33,2
44205,2454,15,15,0
44218,2749,5,5,0
44165,2359,10,10,0
44206,2005,19,19,0
44016,2138,11,11,0
44024,2791,15,15,0
44058,1386,6,6,0
44197,2519,28,18,10
44065,1409,6,6,0
44153,2050,30,30,0
44138,1897,6,6,0
44078,1571,2,2,0
44085,1875,5,5,0
44134,2396,7,7,0
44159,3364,1,1,0
44069,4349,177,134,43
44128,1803,62,62,0
44045,3167,22,22,0
44111,2473,16,16,0
44135,6971,110,54,56
44186,3211,54,53,1
44055,7728,462,166,296
44185,2191,48,38,10
44184,3826,819,335,484
44067,1576,60,58,2
44068,1941,29,29,0
44154,4273,211,141,70
44116,2529,48,33,15
44182,4193,84,65,19
44211,5199,87,52,35
44057,1789,33,33,0
44007,1860,28,28,0
44012,5485,58,45,13
44047,3513,222,174,48
44136,5485,38,36,2
44131,4870,255,203,52
44151,3641,78,74,4
44132,7263,223,103,120
44061,3805,43,41,2
44152,2350,29,29,0
44030,2261,48,45,3
44137,2659,24,24,0
44038,2937,29,26,3
44126,4682,71,69,2
44203,3262,17,13,4
44049,4763,95,47,48
44072,2834,86,80,6
44210,3770,77,60,17
44139,1734,21,21,0
44196,2264,32,32,0
44195,3532,59,46,13
44023,2780,24,18,6
44089,2336,16,14,2
44046,2539,25,25,0
44010,5707,62,55,7
44175,2688,45,45,0
44025,2923,29,25,4
44187,4226,44,44,0
44168,2744,52,52,0
44220,2432,20,20,0
44145,1707,16,16,0
44015,2534,73,65,8
44098,2811,64,60,4
44101,3401,46,44,2
44052,2062,66,65,1
44129,3362,103,71,32
44192,3496,40,34,6
44050,2404,33,33,0
44097,4118,44,40,4
44125,4987,37,31,6
44183,3574,33,31,2
44189,1900,13,12,1
44120,3015,40,30,10
44021,2516,41,40,1
44166,3289,46,43,3
44161,2292,37,35,2
44158,3629,52,43,9
44106,4106,35,32,3
44005,3024,47,45,2
44056,2188,31,31,0
44103,50509,154,120,34
44053,1893,11,11,0
44062,2136,13,13,0
44217,3334,36,35,1
44091,2059,14,14,0
44176,2620,18,16,2
44133,3231,31,25,6
44164,2656,9,9,0
44033,2807,21,21,0
44013,2168,24,23,1
44123,1457,11,11,0
44044,1759,11,8,3
44092,1532,14,14,0
44039,3400,10,10,0
44006,3017,22,21,1
44019,2802,5,5,0
44080,2183,7,7,0
45234,6381,1039,189,850
45347,1126,15,15,0
45252,11102,125,28,97
45229,2227,35,28,7
45179,2148,31,31,0
45155,4231,154,91,63
45038,2076,4,4,0
45284,2943,152,56,96
45015,2008,7,7,0
45147,2540,144,78,66
45156,1507,7,7,0
45132,1616,5,5,0
45294,1622,3,3,0
45016,1250,13,13,0
45244,1533,38,38,0
45063,3831,18,14,4
45196,1798,8,8,0
45286,2902,73,30,43
45088,1766,3,3,0
45104,1812,23,21,2
45075,3283,74,49,25
45285,1936,115,55,60
45205,1067,5,5,0
45224,2123,34,30,4
45145,2358,57,55,2
45232,28479,241,78,163
45274,2955,41,37,4
45082,1888,56,42,14
45208,3063,175,45,130
45096,1118,6,6,0
45068,1618,69,59,10
45210,1328,13,13,0
45185,2233,10,10,0
45187,2140,36,30,6
45004,2233,83,71,12
45064,1296,7,7,0
45194,2375,23,23,0
45226,1729,13,13,0
45217,1761,1,1,0
45184,2440,7,7,0
45028,2000,90,58,32
45034,2451,7,7,0
45329,1211,22,22,0
45022,1354,11,9,2
45040,1241,33,27,6
45119,2202,15,15,0
45141,797,5,5,0
45272,2866,14,14,0
45188,2437,17,17,0
45322,1630,9,9,0
45115,1841,71,68,3
45310,2150,9,9,0
45025,1692,11,11,0
45108,1760,25,23,2
45338,3326,75,66,9
45313,1598,4,4,0
45127,3112,40,38,2
45297,2190,20,20,0
45085,1431,26,24,2
45175,1810,10,10,0
45235,14047,16,15,1
45315,2104,49,38,11
45146,2511,65,57,8
45247,2480,39,37,2
45018,1678,4,4,0
45109,2761,11,10,1
45036,1273,11,11,0
45324,2414,24,23,1
45126,1591,16,16,0
45273,2637,17,13,4
45314,1558,8,8,0
45026,1611,26,26,0
45260,1786,2,2,0
45291,1528,19,19,0
45254,1939,17,16,1
45302,2601,90,74,16
45327,2110,10,8,2
45328,2043,6,6,0
45062,1659,7,7,0
45073,3205,8,8,0
45200,5923,27,23,4
45300,2578,18,18,0
45204,2386,5,5,0
45193,2256,14,14,0
45228,1556,11,11,0
45345,1326,25,25,0
45281,1698,19,19,0
45176,3290,16,8,8
45268,1143,3,3,0
45191,1840,73,50,23
45091,1172,6,6,0
45083,1287,28,28,0
45151,1767,2,2,0
45035,1216,18,17,1
45029,1226,28,27,1
45030,1627,24,18,6
45087,1670,35,29,6
45098,2154,18,18,0
45336,2020,11,11,0
45055,1776,4,4,0
45197,1816,12,12,0
45203,1783,34,27,7
45169,3134,42,37,5
45292,1986,22,21,1
45258,2133,42,38,4
45233,1695,8,8,0
45282,2524,19,18,1
45189,2744,5,5,0
45227,1502,11,11,0
45121,1122,10,10,0
45051,2269,28,28,0
45148,3677,12,12,0
45206,1716,2,2,0
45238,974,4,4,0
45060,1529,9,8,1
45142,1821,28,22,6
45173,2535,31,25,6
45089,2689,66,62,4
45333,1993,12,12,0
45279,1729,18,15,3
45103,1647,11,11,0
45112,1357,3,3,0
45107,1623,4,4,0
45066,1482,11,11,0
45017,1088,3,3,0
45157,1554,8,8,0
45122,1510,10,10,0
45270,6870,19,19,0
45161,2112,7,7,0
45316,1663,10,10,0
45308,2210,20,18,2
45180,1491,5,5,0
45067,2457,16,16,0
45019,1687,5,5,0
45296,1905,6,6,0
45335,2219,14,14,0
45102,2024,8,8,0
45061,1903,19,19,0
45049,1676,19,19,0
45301,1185,2,2,0
45056,2972,5,5,0
45218,911,4,2,2
45202,1897,15,14,1
45195,2544,11,11,0
45042,1425,26,25,1
45325,1547,7,7,0
45265,1716,7,7,0
45171,5508,10,10,0
45167,2104,8,8,0
45093,2210,17,11,6
45321,1728,1,1,0
45239,1337,6,6,0
45230,2383,5,5,0
45054,2030,7,7,0
45045,1974,3,3,0
45139,1542,6,4,2
45253,1865,11,11,0
45269,2259,33,33,0
45123,1987,6,6,0
45177,1144,2,2,0
45010,5032,12,6,6
45154,2473,12,12,0
45317,1204,6,6,0
45332,2085,16,16,0
45100,3020,2,2,0
45009,1889,11,11,0
45079,904,4,4,0
45039,1288,6,6,0
45050,1579,13,9,4
45014,1789,5,5,0
45277,1772,6,6,0
45346,1723,19,19,0
45307,1486,14,14,0
45113,2034,4,4,0
45255,1100,3,3,0
45344,2168,5,5,0
45053,1940,47,38,9
45312,1449,4,3,1
45031,1255,9,7,2
45137,1567,3,3,0
45095,1925,10,9,1
45341,1688,4,4,0
45213,939,3,3,0
45097,2586,10,10,0
45298,3175,38,27,11
45249,1722,1,1,0
45134,1442,5,5,0
45326,1395,3,3,0
45303,1735,3,3,0
45348,1625,9,9,0
45290,1658,16,16,0
45271,1593,12,9,3
45020,1822,2,2,0
45165,7649,9,9,0
45006,23838,64,61,3
45275,1347,10,10,0
45216,262,2,2,0
45002,1231,5,5,0
45021,1499,2,2,0
45334,1708,5,5,0
45263,3391,1,1,0
45136,1817,5,5,0
45069,1432,5,5,0
45242,1125,1,1,0
45261,3627,9,9,0
45280,2049,7,7,0
45178,1437,19,19,0
45081,1476,6,6,0
45041,1167,1,1,0
45158,1344,3,3,0
45343,1358,3,3,0
45046,1432,4,4,0
45164,1740,6,6,0
45124,1417,4,4,0
45143,1071,1,1,0
45198,1693,5,5,0
45340,9670,12,12,0
45182,2049,15,15,0
45072,2193,6,4,2
45248,1278,16,15,1
45264,1772,4,4,0
45144,1640,5,5,0
45111,2354,3,3,0
45278,2379,12,8,4
45245,1669,7,7,0
45101,6232,8,8,0
45309,2820,9,9,0
45032,1431,3,3,0
45160,3321,4,4,0
45033,1914,5,5,0
45076,1918,5,5,0
45130,2511,4,4,0
45024,12179,10,10,0
45212,1899,7,7,0
45289,2871,13,13,0
45199,1734,9,9,0
45149,1464,6,6,0
45110,2202,4,4,0
45065,646,3,3,0
45225,2119,6,6,0
45135,1584,3,3,0
45237,1961,1,1,0
45153,1423,5,5,0
45283,595,1,1,0
45240,1820,7,7,0
45078,1716,1,1,0
45243,1138,3,3,0
45027,1964,3,3,0
45105,1214,1,1,0
45008,1507,4,2,2
45043,1925,5,5,0
45116,1859,2,2,0
45276,1023,3,3,0
45186,929,2,2,0
45323,922,4,4,0
45209,980,3,3,0
45250,1572,3,3,0
45092,1958,9,9,0
45133,2141,8,8,0
45311,1376,2,2,0
45207,1799,9,9,0
45168,1805,10,10,0
45118,1591,2,2,0
45293,1624,9,9,0
45012,2780,1,1,0
45339,1488,2,2,0
45150,600,3,3,0
45129,1562,17,17,0
45001,1771,2,0,2
45215,650,2,2,0
45306,1830,7,7,0
45257,1931,2,2,0
45256,786,1,1,0
45170,4573,4,4,0
45331,78887,6,6,0
45201,1468,3,3,0
45162,2265,5,5,0
45241,2024,4,4,0
45330,1548,1,1,0
45251,600,1,1,0
45037,1711,2,2,0
45077,1947,1,1,0
45084,1687,7,7,0
45222,1838,5,5,0
45342,1408,5,5,0
45220,1484,4,4,0
45094,2308,3,3,0
45259,1415,6,6,0
45288,1231,3,3,0
45052,6595,2,2,0
45214,1361,1,1,0
45223,3205,3,1,2
45005,2684,2,2,0
45166,1122,1,1,0
45013,1000,2,2,0
45131,1972,1,1,0
45246,5015,2,2,0
46153,1583,12,12,0
46309,1467,55,37,18
46221,2039,6,6,0
46053,1618,5,5,0
46042,2460,313,145,168
46064,3483,19,19,0
46277,2137,6,6,0
46276,1095,8,8,0
46044,1702,5,5,0
46340,1536,2,2,0
46255,1464,5,5,0
46187,2837,16,16,0
46293,1956,8,6,2
46224,1849,34,26,8
46273,1690,8,8,0
46073,1374,6,6,0
46001,1512,15,13,2
46191,1562,12,12,0
46220,2340,8,8,0
46225,2776,41,40,1
46088,1529,9,9,0
46182,1414,20,16,4
46138,1369,13,13,0
46011,2155,11,7,4
46206,3922,4,4,0
46197,2806,15,13,2
46148,2034,17,15,2
46033,1650,5,5,0
46259,1758,1,1,0
46102,2868,123,63,60
46112,1537,2,2,0
46119,1478,2,2,0
46263,7821,13,13,0
46051,2700,2,2,0
46262,1330,4,4,0
46231,1890,29,25,4
46039,1551,3,3,0
46175,1504,6,6,0
46041,2570,9,9,0
46201,3178,33,31,2
46060,641,1,1,0
46216,1544,10,10,0
46213,8572,2,2,0
46149,2064,6,6,0
46055,1855,22,21,1
46266,1686,5,5,0
46208,2017,8,8,0
46296,1871,10,10,0
46284,2273,4,4,0
46192,1047,1,1,0
46084,2088,5,5,0
46105,1664,7,7,0
46286,340,1,1,0
46228,1545,8,8,0
46251,2010,58,36,22
46133,1567,2,2,0
46242,1228,4,4,0
46007,1621,6,6,0
46311,1157,19,15,4
46319,1627,3,3,0
46328,10381,6,6,0
46143,1582,18,12,6
46283,1261,4,4,0
46072,2528,8,8,0
46127,2126,80,61,19
46074,2487,7,7,0
46267,1654,3,3,0
46247,859,2,2,0
46091,2055,6,6,0
46183,2308,6,5,1
46035,2234,2,2,0
46100,2874,17,17,0
46038,1305,14,10,4
46101,1905,7,7,0
46145,1200,8,8,0
46085,1066,2,2,0
46046,1180,3,3,0
46062,1086,8,8,0
46198,842,2,2,0
46289,1222,2,2,0
46054,1657,2,2,0
46130,875,4,4,0
46029,1606,19,19,0
46185,2445,17,17,0
46089,1756,20,20,0
46063,2596,24,24,0
46334,2507,24,24,0
46003,1248,13,11,2
46021,2046,13,13,0
46205,2941,3,3,0
46086,2095,5,5,0
46098,1925,5,5,0
46083,1414,10,10,0
46321,1557,4,4,0
46232,2654,24,24,0
46137,2302,6,6,0
46168,1810,9,9,0
46057,1417,11,11,0
46005,1592,2,2,0
46181,2907,2,2,0
46128,2432,47,44,3
46240,2150,12,12,0
46337,2609,5,5,0
46173,3350,10,8,2
46163,1013,7,5,2
46144,1299,6,6,0
46045,2868,14,8,6
46239,4442,7,7,0
46108,2955,10,10,0
46297,1984,18,18,0
46096,1681,3,3,0
46113,1449,7,7,0
46164,1759,6,6,0
46015,1248,13,13,0
46316,2018,6,6,0
46009,1539,10,10,0
46171,2486,5,5,0
46310,1837,2,2,0
46114,3180,13,13,0
46223,2096,4,4,0
46156,2281,18,12,6
46103,1637,2,2,0
46132,1490,3,3,0
46252,1458,2,2,0
46204,1910,4,4,0
46082,2788,6,6,0
46136,1976,1,1,0
46176,1483,9,9,0
46160,605,6,6,0
46227,5777,2,2,0
46314,1411,6,6,0
46154,1834,4,4,0
46330,1099,9,7,2
46028,1194,4,4,0
46237,1319,3,3,0
46238,1160,2,2,0
46022,3667,1,1,0
46190,2265,6,6,0
46013,3936,10,10,0
46268,1977,10,10,0
46087,2119,4,2,2
46075,2290,2,2,0
46336,2523,4,4,0
46230,533,1,1,0
46157,571,1,1,0
46214,2598,3,3,0
46080,3635,7,4,3
46066,1634,10,10,0
46265,1556,4,4,0
46032,2257,4,4,0
46036,1508,1,1,0
46307,1681,5,5,0
46092,2019,3,3,0
46107,3523,2,2,0
46134,1286,8,8,0
46219,4652,3,3,0
46180,1854,6,6,0
46056,1237,1,1,0
46212,1973,3,3,0
46210,1461,1,1,0
46125,1849,5,5,0
46037,760,1,1,0
46111,1952,3,3,0
46169,2006,3,3,0
46012,744,2,1,1
46078,920,1,1,0
46322,1800,3,3,0
46329,1931,5,5,0
46333,1815,2,2,0
46215,3118,10,6,4
46034,1092,2,2,0
46256,2477,3,3,0
46043,1199,2,2,0
46186,1718,5,5,0
46170,1122,2,2,0
46243,1823,4,4,0
46095,2027,3,3,0
46142,2507,6,6,0
46301,2160,4,4,0
46305,2316,7,7,0
46118,1399,9,9,0
46027,1350,1,1,0
46069,900,1,1,0
46229,2038,6,6,0
46026,2019,3,3,0
46280,1612,6,6,0
46094,2037,8,8,0
46271,1107,3,3,0
46031,2500,1,1,0
46335,1111,3,3,0
46189,1493,3,3,0
46159,1927,2,2,0
46126,2176,6,6,0
46093,5150,7,5,2
46178,2285,4,4,0
46059,1011,1,1,0
46236,1833,2,2,0
46023,1948,3,3,0
46302,965,1,1,0
46202,2367,5,5,0
46081,1267,2,2,0
46270,3462,10,10,0
46020,2388,3,3,0
46010,1992,3,3,0
46070,4362,5,5,0
46299,404,1,1,0
46177,1981,3,3,0
46312,2301,5,5,0
46303,4064,4,4,0
46317,1234,3,3,0
46006,604,6,6,0
46065,4013,5,5,0
46241,1634,2,2,0
46250,2289,1,1,0
46245,1760,1,1,0
46260,1917,1,1,0
46222,2048,1,1,0
46049,41,1,1,0
46109,2592,3,3,0
46315,522,1,1,0
46061,5985,4,4,0
46135,680,1,1,0
46058,2297,5,5,0
46016,1743,2,2,0
46117,936,7,7,0
46124,1007,3,3,0
46018,708,2,2,0
46193,2674,2,0,2
46004,927,1,1,0
46199,890,1,1,0
46097,1096,3,3,0
46195,1552,4,4,0
46079,1979,2,2,0
46030,1367,2,2,0
46290,150,1,1,0
46179,1052,1,1,0
46288,1639,2,2,0
46249,1939,7,7,0
46304,340,1,1,0
46076,1632,4,4,0
46184,2293,3,3,0
46295,1081,5,5,0
46172,2278,1,1,0
46264,690,1,1,0
46332,1314,3,3,0
46218,882,1,1,0
46152,3233,1,1,0
46203,4688,28,0,28
46244,2667,4,4,0
46200,581,1,1,0
46253,208,2,0,2
46162,1207,1,1,0
46050,5276,2,2,0
46308,467,1,1,0
46194,2802,5,5,0
46123,1863,3,3,0
46155,3105,1,1,0
46258,746,2,2,0
46318,3540,5,1,4
46040,865,1,1,0
46257,3214,1,1,0
46024,611,1,1,0
47051,1556,9,5,4
47076,1393,1,1,0
47145,1360,4,3,1
47001,5318,136,42,94
47078,1037,2,1,1
47031,1664,18,13,5
47252,3118,21,16,5
47213,2507,5,5,0
47323,1612,115,90,25
47100,2192,7,7,0
47200,2580,3,3,0
47310,1618,24,21,3
47244,2381,1,1,0
47086,1406,7,7,0
47280,1679,5,5,0
47004,1277,12,12,0
47032,1803,14,12,2
47233,1606,10,10,0
47068,1363,6,6,0
47157,1733,43,28,15
47209,1186,15,13,2
47102,1043,3,3,0
47137,1093,3,3,0
47167,1085,6,4,2
47195,1645,27,20,7
47225,2138,6,6,0
47052,1519,14,11,3
47143,1338,10,8,2
47027,2118,6,6,0
47075,1946,5,5,0
47091,3283,12,7,5
47285,1098,1,1,0
47038,3412,1,1,0
47022,1862,4,4,0
47015,2309,1,1,0
47190,2657,10,6,4
47309,1406,2,2,0
47210,962,5,3,2
47187,2078,1,1,0
47146,1787,4,4,0
47230,3060,2,2,0
47185,1209,5,5,0
47260,7543,2,2,0
47090,2394,3,3,0
47258,2250,1,1,0
47152,1849,2,2,0
47061,1359,1,1,0
47165,1533,8,8,0
47114,1782,4,4,0
47101,914,1,1,0
47203,4144,16,14,2
47301,1863,3,3,0
47201,2145,19,18,1
47110,1224,7,6,1
47037,1506,2,2,0
47290,2358,5,5,0
47077,1210,4,4,0
47106,3431,24,9,15
47043,901,3,3,0
47062,3181,3,3,0
47111,1056,1,1,0
47069,2570,5,5,0
47215,1602,22,22,0
47238,2367,5,5,0
47217,1642,4,4,0
47305,200,1,1,0
47175,1934,10,9,1
47065,881,12,12,0
47237,1928,3,3,0
47156,908,1,1,0
47084,1607,2,2,0
47147,7367,12,12,0
47117,1971,4,4,0
47085,2500,2,2,0
47306,1461,4,4,0
47228,2520,1,1,0
47048,2321,8,4,4
47223,1917,5,5,0
47169,1946,3,3,0
47291,1220,3,3,0
47221,2131,4,4,0
47168,1040,9,8,1
47173,1065,1,1,0
47239,1300,2,2,0
47191,1779,6,6,0
47214,2102,2,2,0
47296,2273,1,1,0
47293,2136,1,1,0
47179,1292,4,4,0
47123,1528,2,2,0
47313,1494,1,1,0
47142,1923,2,2,0
47067,1509,2,2,0
47128,2172,2,2,0
47257,1874,2,2,0
47021,1353,7,7,0
47300,1197,3,3,0
47216,1002,2,2,0
47176,1263,1,1,0
47057,1058,7,7,0
47140,1684,2,2,0
47174,837,1,1,0
47226,2062,1,1,0
47144,1165,1,1,0
47006,1238,4,4,0
47324,1254,6,6,0
47284,1615,2,2,0
47240,2538,3,3,0
47312,1213,3,3,0
47024,2680,10,10,0
47109,625,1,1,0
47127,1462,3,3,0
47049,1551,9,6,3
47025,1250,2,2,0
47036,1681,1,1,0
47328,2121,2,2,0
47220,2106,3,3,0
47060,1268,2,2,0
47112,508,1,1,0
47055,1009,2,1,1
47003,2343,1,1,0
47131,2249,4,4,0
47269,1240,1,1,0
47072,5591,4,4,0
47193,2081,1,1,0
47079,1761,4,4,0
47066,300,1,1,0
47249,898,2,2,0
47276,1522,1,1,0
47317,478,1,1,0
47199,1517,2,2,0
47011,1875,3,3,0
47094,1943,2,2,0
47129,1156,5,5,0
47229,643,1,1,0
47292,1839,3,3,0
47246,1673,1,1,0
47093,2282,1,1,0
47204,3286,1,1,0
47278,2889,2,1,1
47163,1726,3,3,0
47212,1659,2,2,0
47180,386,1,1,0
47298,311,1,1,0
47070,1219,2,2,0
47029,500,1,1,0
47138,1417,2,2,0
47262,1607,1,1,0
47289,1704,2,2,0
47251,1750,2,2,0
47133,972,1,1,0
47326,2581,2,2,0
47113,2244,2,2,0
47170,509,1,1,0
47248,2298,2,2,0
47087,1734,1,1,0
47074,1230,1,1,0
47264,2062,1,1,0
47194,2670,1,1,0
47183,1416,1,1,0
47297,1720,1,1,0
47019,2553,1,1,0
47120,1212,1,1,0
47235,375,2,2,0
47198,1642,2,2,0
47277,634,2,0,2
47263,2684,1,1,0
47071,1143,3,3,0
48080,891,4,1,3
48096,825,2,2,0
48061,1285,2,2,0
48141,1100,1,1,0
48146,3505,5,5,0
48140,2070,7,3,4
48032,933,1,1,0
48009,1106,4,4,0
48092,2254,20,7,13
48095,3023,19,5,14
48132,941,9,6,3
48010,688,5,5,0
48003,952,3,1,2
48147,1828,3,3,0
48072,1190,1,1,0
48178,1443,6,6,0
48051,641,1,1,0
48090,1217,3,1,2
48019,1678,4,4,0
48002,1674,3,3,0
48015,1466,2,2,0
48188,706,1,1,0
48028,3442,1,1,0
48059,595,2,2,0
48127,1005,4,4,0
48017,2174,6,2,4
48116,1909,5,5,0
48129,1682,2,2,0
48158,1364,2,2,0
48065,3400,1,1,0
48099,2337,1,1,0
48075,1033,2,1,1
48094,4548,2,2,0
48187,588,1,1,0
48194,1472,1,1,0
48151,2193,2,2,0
48007,1600,1,1,0
48027,2150,4,4,0
48025,1611,2,2,0
48063,1722,4,4,0
48110,2,1,1,0
48124,689,1,1,0
48136,1182,1,1,0
48045,1189,2,2,0
48157,1000,1,1,0
48111,1365,1,0,1
48013,3105,2,2,0
48104,511,1,1,0
48119,833,1,1,0
48088,583,1,1,0
48079,2313,1,1,0
48115,1434,2,2,0
48190,3000,1,1,0
48126,1369,1,1,0
48083,682,1,1,0
48030,1824,1,1,0
48036,1989,2,2,0
48034,1929,3,3,0
48073,286,1,1,0
48031,1786,1,1,0
48082,1352,1,1,0
48192,5083,2,2,0
48181,3438,2,2,0
48004,2867,1,1,0
48103,1214,1,1,0
49007,5412,639,123,516
49347,2796,18,15,3
49323,2666,22,20,2
49135,2746,2,2,0
49307,2528,59,57,2
49353,3586,50,38,12
49090,1625,4,4,0
49267,2717,26,18,8
49246,3192,30,21,9
49308,2330,4,4,0
49241,2956,14,14,0
49167,2804,27,27,0
49129,2796,11,10,1
49048,2381,15,10,5
49029,2948,4,2,2
49377,2900,26,26,0
49278,3119,6,5,1
49326,2458,7,7,0
49050,2230,34,33,1
49223,2839,16,13,3
49339,1540,2,2,0
49216,2560,6,6,0
49130,2010,3,3,0
49018,2175,65,61,4
49378,9782,18,18,0
49331,1675,85,68,17
49127,1440,15,15,0
49092,2242,64,59,5
49244,1739,85,82,3
49069,2316,42,42,0
49002,1686,15,15,0
49023,1186,121,59,62
49328,2387,163,89,74
49261,1844,36,36,0
49099,2511,247,162,85
49015,3561,73,39,34
49080,1807,28,28,0
49174,1604,5,5,0
49055,1623,5,5,0
49302,1739,1,1,0
49041,2288,18,13,5
49060,1683,5,4,1
49332,2091,11,11,0
49125,3757,56,44,12
49132,2115,12,10,2
49036,1989,8,8,0
49333,1499,9,8,1
49248,3011,47,47,0
49301,3950,79,78,1
49176,3917,26,19,7
49140,1300,9,9,0
49214,2931,26,21,5
49373,1717,68,53,15
49193,2194,7,7,0
49192,4253,8,8,0
49272,1719,9,9,0
49228,1035,38,37,1
49358,1479,3,3,0
49194,2920,34,34,0
49110,2167,6,6,0
49259,3468,13,6,7
49260,2185,3,3,0
49306,2373,8,8,0
49215,2431,22,20,2
49102,1300,2,2,0
49163,1669,17,17,0
49329,7631,12,12,0
49017,1516,5,5,0
49345,2104,27,26,1
49269,5712,9,9,0
49283,2302,11,11,0
49063,4319,25,15,10
49218,1680,62,62,0
49298,3164,11,10,1
49057,1687,2,2,0
49381,1999,12,12,0
49299,2174,7,7,0
49266,2042,9,9,0
49211,1591,5,5,0
49367,1888,29,29,0
49200,2697,29,27,2
49294,2267,3,3,0
49257,1744,3,3,0
49035,5151,28,21,7
49231,1624,7,7,0
49222,2839,6,6,0
49021,2013,17,17,0
49368,2140,12,12,0
49369,419,6,6,0
49180,1614,27,27,0
49109,1596,6,6,0
49089,1989,4,4,0
49311,1142,9,9,0
49003,7206,3,3,0
49362,1848,5,5,0
49221,917,10,10,0
49086,3160,17,12,5
49271,2124,5,5,0
49374,1566,5,5,0
49045,1352,5,5,0
49205,1038,1,1,0
49220,1401,21,21,0
49138,1503,16,16,0
49123,1992,7,7,0
49082,1452,2,2,0
49183,2441,24,22,2
49010,1532,3,3,0
49011,2315,2,2,0
49253,1192,6,6,0
49291,969,3,3,0
49112,1025,5,5,0
49068,1701,4,4,0
49355,2072,7,7,0
49178,1056,2,2,0
49352,2139,7,7,0
49240,1177,4,4,0
49341,1805,5,5,0
49343,1954,9,9,0
49334,1479,5,5,0
49012,1881,4,4,0
49361,2165,4,4,0
49160,5416,12,6,6
49131,1141,2,2,0
49030,1815,3,3,0
49008,1736,4,4,0
49121,1037,6,6,0
49054,1058,11,11,0
49070,2646,2,2,0
49188,1849,4,4,0
49076,2339,5,5,0
49247,2680,7,7,0
49061,1581,6,6,0
49155,2710,2,2,0
49020,3097,7,6,1
49053,1944,3,3,0
49120,2357,4,4,0
49201,2892,9,7,2
49107,3152,2,2,0
49292,1483,10,10,0
49026,2460,11,11,0
49364,1193,5,5,0
49236,1413,2,2,0
49224,1801,3,3,0
49022,1852,2,2,0
49321,2151,3,3,0
49058,1659,3,3,0
49027,1836,4,3,1
49195,1903,4,4,0
49371,1528,3,3,0
49219,1985,5,5,0
49336,1382,3,3,0
49370,2398,6,6,0
49310,1286,2,2,0
49182,2000,1,1,0
49235,2049,2,2,0
49209,1333,1,1,0
49237,1101,2,2,0
49344,2170,6,6,0
49067,1799,2,2,0
49170,2547,4,4,0
49064,272,1,1,0
49217,1540,1,1,0
49330,2229,2,2,0
50177,1244,1,1,0
50138,2419,3,3,0
50236,1914,10,10,0
50129,4623,184,83,101
50393,1393,7,7,0
50379,1181,2,2,0
50639,2186,16,11,5
50099,1748,24,15,9
50185,1933,4,4,0
50281,2329,6,6,0
50217,2685,6,6,0
50567,2568,4,4,0
50412,2381,7,7,0
50183,1584,4,4,0
50475,2160,13,13,0
50273,1161,4,4,0
50031,3900,12,6,6
50342,2018,3,3,0
50402,2538,4,4,0
50401,1849,7,7,0
50502,3187,48,18,30
50410,2635,23,11,12
50147,3065,17,7,10
50082,2359,12,12,0
50492,1494,2,2,0
50539,1336,5,5,0
50594,1920,2,2,0
50274,1614,4,4,0
50041,2946,22,22,0
50259,3035,3,3,0
50111,1587,5,5,0
50519,2137,2,2,0
50484,1113,23,21,2
50237,1527,4,4,0
50165,4156,10,7,3
50576,4250,3,2,1
50222,2366,1,1,0
50025,2010,17,13,4
50115,928,2,2,0
50518,1552,10,10,0
50074,1164,10,10,0
50599,2748,1,1,0
50523,1535,8,8,0
50351,1293,1,1,0
50130,1467,2,2,0
50419,1350,14,14,0
50444,1091,4,4,0
50078,3245,6,6,0
50042,1466,3,3,0
50359,1722,19,10,9
50579,1720,2,2,0
50592,1377,10,10,0
50294,2325,4,4,0
50532,4275,12,8,4
50585,1976,2,2,0
50218,4517,48,22,26
50275,351,1,1,0
50591,949,4,4,0
50546,1482,9,9,0
50027,1753,8,8,0
50409,1145,8,5,3
50563,2358,9,9,0
50139,2000,12,9,3
50023,1862,8,8,0
50446,621,3,3,0
50456,805,2,2,0
50452,3286,2,2,0
50565,2204,5,4,1
50615,2084,20,16,4
50345,2017,9,9,0
50002,1868,13,11,2
50090,930,9,9,0
50493,1984,5,5,0
50228,822,6,6,0
50570,1354,4,4,0
50413,1736,3,3,0
50590,2119,2,2,0
50076,2653,21,11,10
50267,1780,12,12,0
50033,4286,2,2,0
50239,544,4,4,0
50198,1511,2,2,0
50601,2776,14,10,4
50436,1290,9,9,0
50161,1210,2,2,0
50551,1478,6,6,0
50598,2865,2,2,0
50541,2685,6,6,0
50405,1801,2,2,0
50328,799,3,3,0
50194,1333,2,2,0
50479,1732,3,3,0
50421,4426,4,3,1
50467,2166,3,3,0
50531,531,4,4,0
50256,813,16,16,0
50188,1644,3,3,0
50332,1831,3,3,0
50098,1494,3,3,0
50162,1964,2,2,0
50026,2125,1,1,0
50015,2131,7,7,0
50297,1911,1,1,0
50341,1558,4,4,0
50360,1836,4,4,0
50209,2320,4,4,0
50433,2328,3,3,0
50158,645,5,5,0
50298,1872,3,3,0
50289,1990,6,6,0
50124,1094,6,6,0
50499,1181,2,2,0
50542,355,2,2,0
50471,1847,4,4,0
50398,1045,2,2,0
50110,683,2,2,0
50455,1877,7,7,0
50464,1150,1,1,0
50215,2588,5,5,0
50429,3913,3,3,0
50252,1527,2,2,0
50403,1740,2,2,0
50445,654,4,4,0
50647,2673,6,6,0
50562,3496,3,2,1
50260,1008,11,9,2
50582,1347,5,5,0
50487,1257,12,12,0
50606,879,7,7,0
50243,2920,3,3,0
50095,3664,17,17,0
50058,4839,4,4,0
50143,2104,3,3,0
50148,764,1,1,0
50200,888,3,3,0
50400,1450,8,6,2
50425,2202,4,4,0
50619,2444,1,1,0
50597,1289,1,1,0
50537,1725,1,1,0
50428,913,11,11,0
50335,3083,1,1,0
50474,270,1,1,0
50350,1377,4,4,0
50395,2603,1,1,0
50246,1857,2,2,0
50168,1418,5,5,0
50029,2120,13,13,0
50463,1684,1,1,0
50197,1415,6,6,0
50447,2939,2,2,0
50271,832,2,2,0
50054,895,6,6,0
50574,808,1,1,0
50549,2155,1,1,0
50391,3773,14,5,9
50321,1930,1,1,0
50510,1375,1,1,0
50480,2119,3,3,0
50394,2469,9,5,4
50575,3287,3,3,0
50152,1931,5,5,0
50364,1104,2,2,0
50003,4070,7,7,0
50121,1198,2,2,0
50144,556,1,1,0
50086,2515,3,3,0
50420,1043,1,1,0
50193,465,1,1,0
50369,1132,1,1,0
50550,1578,10,10,0
50066,3992,3,3,0
50304,1741,5,5,0
50117,1965,2,1,1
50137,624,7,7,0
50450,1139,2,2,0
50564,1530,7,7,0
50338,1919,8,8,0
50166,1860,3,3,0
50334,1250,3,3,0
50085,1947,4,4,0
50006,1463,1,1,0
50093,979,2,2,0
50167,2445,4,4,0
50216,1048,1,1,0
50258,1391,2,2,0
50175,2057,2,2,0
50528,1364,2,2,0
50363,1362,9,9,0
50448,2595,9,9,0
50070,1548,1,1,0
50648,2451,1,1,0
50588,1278,1,1,0
50126,1407,2,2,0
50146,15909,1,1,0
50077,2611,3,3,0
50486,571,2,2,0
50513,1602,2,2,0
50292,1793,7,7,0
50507,2088,1,1,0
50473,821,3,3,0
50509,1655,3,3,0
50081,3306,2,2,0
50195,583,1,1,0
50048,1253,2,2,0
50525,858,6,6,0
50500,1236,4,4,0
50431,1311,4,4,0
50174,697,2,2,0
50038,2353,2,2,0
50178,1439,2,2,0
50145,2456,3,3,0
50109,3422,7,4,3
50540,1631,1,1,0
50411,1752,3,3,0
50554,2378,4,4,0
50572,2108,3,3,0
50108,5281,4,4,0
50327,3333,2,2,0
50382,3379,1,1,0
50311,1835,1,1,0
50151,2078,1,1,0
50106,2022,2,2,0
50234,667,1,1,0
50102,3669,2,2,0
50084,2201,2,2,0
50263,1059,2,2,0
50616,1771,2,2,0
50505,833,3,3,0
50231,2423,1,1,0
50149,3223,2,2,0
50184,2296,3,3,0
50230,5416,6,6,0
50214,1639,3,3,0
50349,1325,3,3,0
50483,208,1,1,0
50142,3385,1,1,0
50435,1208,1,1,0
50049,1345,1,1,0
50422,2435,2,2,0
50496,3195,1,1,0
50389,688,2,2,0
50417,1256,2,2,0
50514,233,1,1,0
50426,1678,1,1,0
50481,2704,3,3,0
50186,977,2,2,0
50176,688,1,1,0
50087,2529,1,1,0
50030,1752,1,1,0
50437,1407,1,1,0
50365,402,1,1,0
50580,2123,2,2,0
50443,1196,1,1,0
50457,2000,2,2,0
50069,2028,1,1,0
50251,818,2,2,0
50512,1130,1,1,0
50543,1325,3,3,0
50044,1667,2,2,0
50276,3478,1,1,0
50283,1100,1,1,0
50397,2345,6,6,0
50288,2426,2,2,0
50277,3850,1,1,0
50378,1356,1,1,0
50607,1549,1,1,0
50238,1909,1,1,0
50036,694,1,1,0
50535,1875,1,1,0
50453,2256,1,1,0
50024,1656,2,2,0
50004,380,1,1,0
50312,2221,4,4,0
50272,2923,1,1,0
50533,769,2,2,0
50290,294,1,1,0
50612,2560,1,1,0
51108,4619,219,67,152
51454,5968,1178,214,964
51448,2456,3,3,0
51612,2922,23,15,8
51196,1571,6,5,1
51230,2627,190,64,126
51413,2528,4,4,0
51030,4252,45,30,15
51006,1562,1,1,0
51172,2916,23,17,6
51344,2560,3,3,0
51663,1955,13,8,5
51582,4775,3,3,0
51291,2488,9,9,0
51129,1989,5,5,0
51237,2114,10,10,0
51029,2139,18,15,3
51337,2126,1,1,0
51573,2863,52,33,19
51660,2584,10,10,0
51210,2122,7,4,3
51235,1292,5,5,0
51662,2819,15,14,1
51649,2120,54,29,25
51055,2311,39,27,12
51345,1413,4,4,0
51218,1697,1,1,0
51158,841,2,2,0
51636,1900,3,3,0
51248,1896,15,11,4
51611,1688,2,2,0
51141,1852,5,5,0
51239,887,1,1,0
51244,869,1,1,0
51194,1324,6,6,0
51488,2140,1,1,0
51625,1946,3,3,0
51299,3090,8,6,2
51183,2885,5,5,0
51068,688,1,1,0
51025,2632,3,3,0
51391,2250,4,3,1
51118,2579,6,6,0
51389,1502,5,5,0
51418,2618,3,3,0
51342,3024,1,1,0
51616,2123,1,1,0
51589,2458,1,1,0
51576,1825,8,7,1
51535,1659,38,25,13
51262,1584,8,8,0
51559,1653,28,20,8
51316,322,2,2,0
51328,1476,4,4,0
51461,2377,2,2,0
51492,1518,15,15,0
51474,7000,23,5,18
51250,4483,27,16,11
51501,1538,3,3,0
51562,3249,11,11,0
51161,2226,3,3,0
51145,9627,5,5,0
51173,5650,1,1,0
51648,1528,3,3,0
51178,1416,1,1,0
51388,1611,19,15,4
51133,444,8,8,0
51061,1033,2,1,1
51081,1071,1,1,0
51155,998,5,5,0
51160,2147,11,11,0
51193,2120,17,17,0
51028,2224,2,2,0
51153,2072,5,5,0
51598,1606,4,4,0
51564,1255,3,3,0
51054,1633,3,2,1
51215,1340,2,2,0
51546,1316,4,4,0
51343,1464,7,7,0
51272,165,3,3,0
51629,3264,5,5,0
51380,2166,29,21,8
51198,1311,3,3,0
51282,3413,14,14,0
51105,2009,4,4,0
51074,4557,9,4,5
51503,1643,3,3,0
51242,2063,17,17,0
51010,1186,3,3,0
51165,1117,7,5,2
51151,1687,3,3,0
51524,1188,6,6,0
51565,167,1,1,0
51217,1666,13,12,1
51036,1051,3,3,0
51091,1207,1,1,0
51302,1793,1,1,0
51101,2731,5,5,0
51007,1265,5,5,0
51176,1363,1,1,0
51119,4446,3,3,0
51009,1340,2,2,0
51349,877,3,3,0
51298,965,3,3,0
51531,1038,10,9,1
51377,982,2,2,0
51502,810,3,3,0
51219,1253,4,4,0
51258,1087,1,1,0
51284,1944,9,1,8
51098,870,1,1,0
51369,1324,3,3,0
51040,1268,3,3,0
51078,1613,2,2,0
51326,1181,5,5,0
51249,657,1,1,0
51265,602,1,1,0
51397,1133,3,3,0
51097,1645,2,2,0
51202,2569,11,9,2
51340,1623,1,1,0
51587,1954,1,1,0
51430,1271,1,1,0
51058,3534,12,6,6
51423,938,8,8,0
51596,1054,5,5,0
51175,800,1,1,0
51460,1852,1,1,0
51568,2356,2,2,0
51440,2489,6,4,2
51642,1526,2,2,0
51518,2291,2,2,0
51579,995,2,2,0
51506,8549,22,12,10
51031,2895,5,5,0
51289,1045,3,3,0
51253,1201,5,5,0
51472,1215,5,5,0
51113,1265,2,2,0
51571,1985,6,6,0
51375,3062,2,2,0
51279,417,1,1,0
51139,1388,4,4,0
51547,1277,2,2,0
51622,3111,2,2,0
51002,1850,8,7,1
51446,1418,8,6,2
51536,2992,12,7,5
51079,2789,4,4,0
51243,1224,6,6,0
51324,678,1,1,0
51609,1318,5,5,0
51457,1492,3,3,0
51152,2467,2,2,0
51018,1574,2,2,0
51075,3066,5,5,0
51658,1274,2,2,0
51333,3312,5,0,5
51436,1827,3,3,0
51431,2447,5,5,0
51507,1266,17,14,3
51164,512,1,1,0
51192,1343,3,3,0
51433,1535,2,2,0
51432,1190,9,8,1
51185,1413,2,2,0
51246,1490,1,1,0
51520,1407,6,6,0
51479,600,1,1,0
51399,538,5,5,0
51346,2801,7,7,0
51585,1250,5,5,0
51583,1378,2,2,0
51033,1165,2,2,0
51567,1182,4,4,0
51035,979,4,4,0
51550,538,2,2,0
51130,1096,2,2,0
51312,1983,6,6,0
51386,2139,5,5,0
51111,4167,2,2,0
51043,2420,4,4,0
51476,2069,6,6,0
51557,2268,4,4,0
51656,1401,4,4,0
51365,3498,4,4,0
51060,19944,1,1,0
51144,1579,2,2,0
51466,1375,3,3,0
51140,1225,4,4,0
51516,450,2,2,0
51439,1586,3,1,2
51016,1604,6,4,2
51421,1080,1,1,0
51404,1154,2,2,0
51071,991,4,4,0
51162,1243,6,6,0
51233,1853,1,1,0
51630,2217,3,3,0
51407,1519,3,3,0
51042,1265,4,4,0
51032,1615,4,4,0
51014,5988,2,2,0
51047,1214,5,5,0
51358,1053,2,2,0
51321,1343,2,2,0
51264,1777,7,7,0
51085,1075,5,5,0
51624,1691,4,4,0
51406,1406,3,3,0
51613,1592,2,2,0
51149,2157,3,3,0
51065,1793,3,3,0
51414,1017,2,2,0
51384,1562,6,4,2
51199,3081,4,4,0
51308,2323,8,8,0
51320,849,2,2,0
51339,1589,2,2,0
51102,2898,3,3,0
51254,709,3,3,0
51529,1554,1,1,0
51637,1254,2,2,0
51338,1924,2,2,0
51269,2747,8,8,0
51211,1375,2,2,0
51362,3867,2,2,0
51329,2048,6,6,0
51424,333,1,1,0
51459,1105,1,1,0
51263,3750,2,2,0
51487,2122,1,1,0
51588,1115,2,2,0
51607,882,1,1,0
51640,612,1,1,0
51441,1115,2,2,0
51373,1195,2,2,0
51227,1115,4,4,0
51023,1875,1,1,0
51525,1844,7,7,0
51556,1069,2,2,0
51276,1268,2,2,0
51295,1013,2,2,0
51288,1427,2,2,0
51378,1437,1,1,0
51581,1746,1,1,0
51270,1102,2,2,0
51076,2978,4,4,0
51044,3035,1,1,0
51315,128,1,1,0
51390,3146,4,4,0
51266,1824,2,2,0
51285,759,2,2,0
51442,1235,1,1,0
51603,1771,1,1,0
51350,1116,2,2,0
51618,1917,4,4,0
51116,375,2,2,0
51046,2755,6,6,0
51513,1323,4,4,0
51001,833,1,1,0
51171,5355,7,4,3
51610,1353,1,1,0
51214,1150,1,1,0
51482,1592,2,2,0
51069,2250,1,1,0
51093,1846,3,3,0
51617,1566,5,5,0
51473,714,1,1,0
51231,2147,3,3,0
51115,3007,2,2,0
51281,3450,3,3,0
51367,846,4,4,0
51360,1488,2,2,0
51234,1462,1,1,0
51620,1271,2,2,0
51499,1535,1,1,0
51477,2180,2,2,0
51643,3806,8,8,0
51485,3274,2,2,0
51087,1053,2,2,0
51092,1110,3,3,0
51526,3848,4,4,0
51188,735,2,2,0
51551,514,2,2,0
51434,1953,2,2,0
51523,2193,3,3,0
51169,250,1,1,0
51012,34,1,1,0
51241,1729,1,1,0
51203,1164,2,2,0
51545,745,1,1,0
51416,1053,5,5,0
51453,1889,2,2,0
51543,507,1,1,0
51163,1131,2,2,0
51213,1160,1,1,0
51491,2024,3,3,0
51204,2238,5,5,0
51621,1319,1,1,0
51605,2409,2,2,0
51137,1616,2,2,0
51451,932,1,1,0
51471,1078,1,1,0
51517,1470,1,1,0
51597,2046,2,2,0
51039,1125,1,1,0
51425,900,1,1,0
51530,2082,1,1,0
51486,1753,1,1,0
51483,1102,2,2,0
51468,2604,4,4,0
51311,1325,1,1,0
51521,1009,2,2,0
51168,1861,1,1,0
51633,1864,1,1,0
51505,2639,4,4,0
51216,1334,2,2,0
51395,859,1,1,0
51223,714,1,1,0
51403,3062,3,3,0
51303,2081,2,2,0
51417,2105,1,1,0
51184,1181,1,1,0
51251,1683,1,1,0
51245,2313,3,3,0
51354,1859,1,1,0
51142,3110,3,3,0
51537,1983,1,1,0
51181,1529,1,1,0
51352,833,1,1,0
51532,3606,4,4,0
51167,530,1,1,0
51387,1554,1,1,0
51252,6851,3,3,0
51019,1760,1,1,0
51419,942,1,1,0
51548,1408,2,2,0
51590,914,2,2,0
51490,738,2,2,0
51534,2206,2,2,0
51088,1712,3,3,0
51410,2256,1,1,0
51586,2231,1,1,0
51086,1971,1,1,0
51228,479,1,1,0
51063,1172,1,1,0
51572,1121,1,1,0
51659,715,2,2,0
51415,2132,1,1,0
51236,952,1,1,0
51027,1278,1,1,0
51232,1672,1,1,0
51327,1025,2,2,0
51121,1688,1,1,0
51304,1520,2,2,0
51409,2684,1,1,0
51447,688,1,1,0
51187,1511,1,1,0
51356,1167,1,1,0
51450,2374,1,1,0
51220,1529,2,2,0
51334,2000,1,1,0
51527,1479,2,1,1
51422,2969,1,1,0
51644,610,1,1,0
51314,1722,1,1,0
51313,2537,1,1,0
51580,1887,2,2,0
51066,802,1,1,0
51444,3239,1,1,0
51008,545,1,1,0
51293,2546,2,2,0
51049,2625,1,1,0
51283,640,1,1,0
51100,373,1,1,0
51647,952,1,1,0
51544,36,1,1,0
51355,1053,1,1,0
51574,1786,1,1,0
51496,2406,1,1,0
51290,875,1,1,0
51005,8333,1,1,0
51357,2216,1,1,0
51015,727,1,1,0
51104,694,1,1,0
51504,2121,1,1,0
51627,846,1,1,0
51037,1944,1,1,0
52211,781,4,4,0
52121,2477,154,80,74
52448,1739,176,102,74
52534,1275,11,11,0
52125,1150,4,4,0
52019,621,6,6,0
52550,1094,19,16,3
52182,1178,13,13,0
52405,3114,14,14,0
52407,542,4,4,0
52490,485,6,6,0
52060,2305,57,33,24
52469,1326,7,7,0
52300,504,3,3,0
52269,4726,83,28,55
52347,2405,6,6,0
52353,1071,24,24,0
52187,442,2,2,0
52205,782,12,12,0
52392,1007,4,4,0
52539,375,4,4,0
52106,1979,1,1,0
52242,1003,12,12,0
52446,666,3,3,0
52360,786,3,3,0
52105,1777,7,7,0
52016,1145,2,2,0
52432,1043,11,11,0
52045,1634,13,13,0
52302,685,3,3,0
52308,680,2,2,0
52244,1571,3,3,0
52331,2403,24,14,10
52206,1543,2,2,0
52094,589,1,1,0
52235,829,3,3,0
52058,1213,15,13,2
52292,1813,9,3,6
52294,1166,6,6,0
52374,833,1,1,0
52119,2727,4,0,4
52257,496,5,5,0
52411,949,6,6,0
52362,350,2,2,0
52350,296,2,2,0
52170,2880,2,2,0
52529,1403,9,9,0
52197,643,11,11,0
52473,1668,1,1,0
52399,737,2,2,0
52305,1232,7,6,1
52480,769,4,4,0
52250,903,34,27,7
52064,611,8,8,0
52311,461,4,4,0
52037,936,7,7,0
52237,775,5,5,0
52240,722,1,1,0
52431,253,3,3,0
52227,1010,1,1,0
52444,397,3,3,0
52230,493,3,2,1
52133,360,2,2,0
52289,821,1,1,0
52177,830,5,5,0
52031,848,3,3,0
52123,1136,9,9,0
52006,1141,2,2,0
52306,907,7,7,0
52222,200,3,3,0
52280,292,2,2,0
52013,1001,1,1,0
52423,222,2,2,0
52095,511,1,1,0
52456,585,2,2,0
52472,150,1,1,0
52038,34,1,1,0
52457,891,2,2,0
52449,1843,4,3,1
52017,1147,2,2,0
52282,1571,5,5,0
52493,603,1,1,0
52167,1571,1,1,0
52072,840,4,4,0
52114,1004,13,13,0
52535,1974,6,6,0
52083,587,6,6,0
52397,758,1,1,0
52069,22739,5,5,0
52079,712,6,6,0
52497,532,2,2,0
52265,1339,8,8,0
52014,1143,1,1,0
52126,1102,1,1,0
52332,625,12,12,0
52258,2270,8,8,0
52029,176,3,3,0
52276,1753,1,1,0
52398,781,2,2,0
52380,13803,4,4,0
52251,1658,8,8,0
52149,561,6,6,0
52184,523,1,1,0
52194,1493,23,20,3
52484,912,4,4,0
52470,546,5,5,0
52414,1545,4,4,0
52370,206,2,2,0
52195,904,2,2,0
52424,562,3,3,0
52008,1004,11,11,0
52009,419,2,2,0
52067,211,1,1,0
52093,1169,18,15,3
52504,802,4,4,0
52544,260,4,4,0
52512,784,3,3,0
52489,235,3,3,0
52104,1403,6,6,0
52254,480,2,2,0
52128,1922,3,3,0
52015,301,4,4,0
52124,417,1,1,0
52438,270,2,2,0
52349,2207,2,2,0
52084,286,1,1,0
52330,645,2,2,0
52220,663,4,4,0
52322,1786,1,1,0
52107,1039,3,3,0
52050,2651,12,9,3
52062,1361,3,3,0
52274,458,3,3,0
52461,282,3,3,0
52464,321,1,1,0
52035,1382,5,5,0
52479,762,3,3,0
52442,1469,2,2,0
52099,1124,3,3,0
52208,232,1,1,0
52492,822,3,3,0
52520,502,1,1,0
52061,242,2,2,0
52440,1250,3,3,0
52246,998,9,9,0
52428,1235,4,4,0
52047,1143,4,4,0
52394,676,2,2,0
52189,3045,5,5,0
52500,1535,5,5,0
52277,284,1,1,0
52156,1256,4,4,0
52198,1219,1,1,0
52499,343,2,2,0
52140,857,6,6,0
52303,580,1,1,0
52001,459,2,2,0
52165,196,2,2,0
52386,1443,5,5,0
52519,666,1,1,0
52113,807,2,2,0
52467,279,3,3,0
52163,385,1,1,0
52536,2107,1,1,0
52253,1180,2,2,0
52315,2496,8,8,0
52425,524,1,1,0
52181,673,3,3,0
52023,1919,1,1,0
52429,831,7,7,0
52348,594,8,8,0
52421,1016,2,2,0
52229,355,2,2,0
52298,561,2,2,0
52290,515,2,2,0
52401,1384,3,3,0
52248,518,2,2,0
52155,946,2,2,0
52433,317,2,2,0
52102,1101,1,1,0
52175,600,2,2,0
52286,400,1,1,0
52318,591,7,7,0
52295,595,5,5,0
52297,50,1,1,0
52310,756,1,1,0
52383,709,1,1,0
52313,1080,2,2,0
52528,1261,3,3,0
52538,578,2,2,0
52196,910,2,2,0
52146,437,3,3,0
52233,456,2,2,0
52103,850,1,1,0
52118,1282,2,2,0
52455,0,1,1,0
52450,361,4,4,0
52517,706,1,1,0
52164,974,3,3,0
52488,314,1,1,0
52116,423,1,1,0
52376,445,2,2,0
52514,1520,2,2,0
52321,462,2,2,0
52115,125,1,0,1
52352,700,1,1,0
52034,581,2,2,0
52365,866,2,2,0
52358,197,1,1,0
52178,230,3,3,0
52129,497,4,4,0
52325,422,1,1,0
52422,68,1,1,0
52543,1410,6,6,0
52138,235,1,1,0
52132,405,2,2,0
52452,1078,1,1,0
52390,302,1,1,0
52223,1466,4,0,4
52278,1271,2,2,0
52439,673,2,2,0
52120,714,1,1,0
52375,895,1,1,0
52007,765,1,1,0
52056,812,1,1,0
52256,843,1,1,0
52082,833,1,1,0
52419,116,3,3,0
52161,446,1,1,0
52357,967,1,1,0
52044,990,1,1,0
52494,1833,1,1,0
52130,160,1,1,0
52272,741,1,1,0
52042,0,1,1,0
52513,752,1,1,0
52136,807,3,3,0
52377,725,1,1,0
52327,1627,2,2,0
52326,913,1,1,0
52453,1680,1,1,0
52051,81,1,1,0
52200,710,1,1,0
52074,500,1,1,0
52088,1250,1,1,0
52336,1436,1,1,0
52420,852,2,2,0
52243,333,1,1,0
52059,583,1,1,0
52364,1831,1,1,0
52030,588,1,1,0
52264,690,1,1,0
52359,1953,1,1,0
52415,711,3,3,0
52526,860,1,1,0
53137,1633,24,24,0
53247,1781,13,13,0
53233,1394,4,4,0
53163,1035,5,5,0
53084,1429,52,44,8
53245,1593,8,8,0
53096,2152,62,48,14
53220,1380,4,4,0
53130,4883,520,182,338
53276,1177,9,9,0
53131,642,5,5,0
53246,1482,35,31,4
53271,1857,28,22,6
53106,1139,6,6,0
53034,1937,28,28,0
53023,1916,10,10,0
53005,1406,10,6,4
53182,1424,28,27,1
53107,854,35,27,8
53031,1566,3,3,0
53061,4722,13,13,0
53015,1817,11,11,0
53054,2320,37,35,2
53122,912,11,9,2
53211,1280,13,13,0
53152,2285,28,21,7
53201,2428,50,43,7
53100,1067,25,25,0
53238,883,17,17,0
53154,892,7,7,0
53062,5904,166,138,28
53188,1163,41,34,7
53258,839,12,10,2
53179,1030,6,6,0
53007,1725,20,20,0
53026,1336,5,5,0
53103,1603,9,9,0
53168,1711,7,5,2
53161,1677,39,34,5
53090,745,1,1,0
53186,2908,13,13,0
53147,6719,129,85,44
53018,1627,12,12,0
53243,3843,11,10,1
53098,1397,5,5,0
53127,1090,24,22,2
53035,783,8,8,0
53218,1870,7,7,0
53097,1773,102,82,20
53053,1047,6,6,0
53210,1361,16,14,2
53262,1224,10,10,0
53212,586,3,3,0
53108,1435,6,6,0
53175,1441,2,2,0
53181,4963,15,7,8
53251,1369,3,3,0
53039,2195,8,5,3
53042,1235,10,10,0
53253,1518,7,7,0
53111,1132,8,8,0
53200,1710,7,7,0
53021,1738,5,5,0
53008,1402,9,9,0
53051,1337,10,10,0
53187,1289,3,3,0
53121,1277,7,4,3
53240,1365,4,4,0
53229,2522,22,17,5
53151,1012,15,15,0
53002,1566,4,4,0
53012,1301,4,4,0
53037,1346,13,13,0
53124,1268,16,16,0
53072,1648,7,7,0
53079,1228,5,5,0
53146,1826,9,9,0
53269,1252,7,7,0
53104,1330,13,13,0
53125,1172,9,9,0
53071,1137,5,5,0
53040,1053,8,8,0
53126,1230,11,11,0
53162,1300,18,10,8
53226,1458,6,6,0
53185,977,27,17,10
53063,1569,3,3,0
53158,1383,7,7,0
53177,1258,3,3,0
53075,1170,3,3,0
53267,1807,13,13,0
53001,1180,5,5,0
53016,988,24,24,0
53055,942,5,5,0
53123,2069,19,19,0
53045,1104,4,4,0
53198,1620,6,6,0
53265,788,15,15,0
53202,901,8,8,0
53091,1326,7,7,0
53082,1607,4,4,0
53141,1665,7,7,0
53150,4908,10,10,0
53157,2142,10,10,0
53089,809,7,7,0
53140,2176,27,24,3
53080,1361,6,6,0
53047,1141,4,4,0
53036,1701,10,10,0
53088,1098,14,12,2
53030,1016,4,4,0
53249,1003,19,16,3
53066,1525,13,13,0
53256,896,7,7,0
53120,1055,5,5,0
53160,1076,4,4,0
53056,1846,6,6,0
53048,1234,14,13,1
53029,1173,8,8,0
53180,985,7,7,0
53193,1430,6,6,0
53273,1309,4,4,0
53113,1358,13,13,0
53259,1091,4,4,0
53119,2280,30,28,2
53041,1634,6,6,0
53083,877,9,9,0
53003,1079,33,32,1
53064,866,11,11,0
53077,1365,13,13,0
53170,855,7,7,0
53116,1102,11,11,0
53094,2466,14,11,3
53010,1220,4,4,0
53199,1150,8,8,0
53176,826,4,4,0
53135,3556,9,9,0
53234,1249,3,1,2
53073,882,27,20,7
53208,1342,12,12,0
53139,1777,4,4,0
53112,1430,13,13,0
53216,1337,6,6,0
53074,1601,2,2,0
53144,1113,4,4,0
53223,1121,7,7,0
53093,787,4,4,0
53025,1344,12,10,2
53228,761,7,7,0
53232,1006,4,4,0
53165,641,3,3,0
53257,1196,6,3,3
53017,1191,13,13,0
53136,3185,14,14,0
53058,1079,2,2,0
53114,760,4,4,0
53169,1384,1,1,0
53086,1196,7,7,0
53255,1225,8,8,0
53192,802,6,6,0
53142,786,7,7,0
53028,1040,1,1,0
53222,1106,4,4,0
53190,492,5,5,0
53133,1644,13,13,0
53155,847,5,5,0
53197,1338,8,8,0
53174,1879,6,6,0
53009,639,2,2,0
53043,1026,1,1,0
53195,1606,3,3,0
53204,848,12,12,0
53101,1125,5,5,0
53213,1332,9,9,0
53178,1262,3,3,0
53206,1850,3,3,0
53038,20,1,1,0
53022,2409,10,10,0
53052,3287,12,12,0
53196,768,2,2,0
53219,1738,4,4,0
53235,403,6,6,0
53237,1932,8,8,0
53076,660,3,3,0
53209,1184,2,2,0
53110,1347,9,9,0
53270,1779,2,2,0
53153,1317,6,6,0
53224,1709,7,7,0
53148,1691,3,3,0
53013,1623,5,5,0
53225,1062,4,4,0
53099,1902,7,7,0
53132,1134,3,3,0
53046,616,2,2,0
53260,1801,8,8,0
53049,1465,3,3,0
53184,1286,1,1,0
53129,1883,2,2,0
53067,936,2,2,0
53191,630,5,5,0
53117,2350,8,8,0
53164,826,3,3,0
53145,1164,5,5,0
53078,2650,9,9,0
53263,621,3,3,0
53069,892,2,2,0
53027,1266,3,3,0
53057,982,2,2,0
53236,1111,4,4,0
53221,1279,4,4,0
53172,625,3,3,0
53230,1238,2,2,0
53115,1659,9,9,0
53118,1061,5,5,0
53085,633,4,4,0
53266,1331,2,2,0
53248,1364,2,2,0
53033,1267,1,1,0
53068,455,2,2,0
53128,1942,3,3,0
53272,666,2,2,0
53011,1293,1,0,1
53059,1651,1,1,0
53156,1475,2,2,0
53261,1118,2,2,0
53143,1211,1,1,0
53264,1120,1,1,0
53203,2086,1,1,0
53242,4167,4,4,0
53109,1438,1,1,0
54462,1737,14,9,5
54580,3412,103,58,45
54431,2772,117,40,77
54332,1639,11,7,4
54387,490,2,2,0
54395,4061,1040,89,951
54400,1890,4,4,0
54526,2526,82,53,29
54425,1376,21,13,8
54578,3440,103,38,65
54357,1977,25,8,17
54339,3312,63,23,40
54482,2470,85,24,61
54022,1906,15,7,8
54300,2074,28,19,9
54329,10419,225,41,184
54321,4806,26,8,18
54493,2106,24,19,5
54115,4271,60,19,41
54547,2667,183,46,137
54528,2534,120,34,86
54328,2559,27,22,5
54261,3117,41,24,17
54034,1111,1,1,0
54257,2695,25,23,2
54184,2688,48,22,26
54304,3806,103,24,79
54397,2125,40,28,12
54288,1547,1,1,0
54263,2144,46,34,12
54159,2065,108,57,51
54157,2267,30,20,10
54165,5154,7,4,3
54222,1463,7,4,3
54091,2265,1,1,0
54253,1481,9,7,2
54585,2229,6,6,0
54028,1764,26,12,14
54314,2883,16,13,3
54441,2384,2,2,0
54451,2075,40,31,9
54509,1643,6,5,1
54096,2235,5,5,0
54274,4432,63,16,47
54362,1988,15,15,0
54491,2286,9,1,8
54521,2625,22,11,11
54081,2135,1,1,0
54542,3528,24,16,8
54280,1354,62,36,26
54284,1254,12,12,0
54391,1479,11,8,3
54490,1766,4,4,0
54270,2541,23,17,6
54323,3578,103,44,59
54151,3149,5,5,0
54079,2884,28,20,8
54099,2801,58,38,20
54084,2604,9,4,5
54403,1998,13,11,2
54537,2271,6,6,0
54536,1621,28,24,4
54215,2105,55,33,22
54123,2165,13,11,2
54150,1845,16,8,8
54214,2153,9,7,2
54418,1738,3,3,0
54109,2181,12,9,3
54273,2123,61,34,27
54152,2021,10,7,3
54040,931,15,13,2
54302,1921,7,7,0
54483,1925,54,32,22
54598,1153,3,3,0
54423,902,3,3,0
54435,1729,3,3,0
54188,1917,10,7,3
54283,961,2,2,0
54156,845,2,2,0
54254,2298,19,15,4
54196,1336,5,2,3
54367,2648,12,11,1
54557,2826,8,8,0
54318,1807,37,28,9
54282,4196,7,7,0
54205,1320,15,15,0
54174,1634,26,11,15
54024,530,1,1,0
54116,1907,12,11,1
54352,1393,6,5,1
54519,1201,4,4,0
54120,815,3,3,0
54371,1984,11,11,0
54128,1643,5,5,0
54234,3583,20,16,4
54036,2515,6,4,2
54256,1145,2,2,0
54059,2339,4,4,0
54549,3188,39,17,22
54277,1709,3,3,0
54185,843,1,1,0
54207,859,1,1,0
54025,2527,9,8,1
54119,912,2,2,0
54533,3199,24,22,2
54428,698,6,3,3
54430,1888,28,19,9
54505,1332,6,6,0
54246,1179,1,1,0
54305,2873,14,10,4
54538,668,2,2,0
54373,2318,3,0,3
54121,1342,1,1,0
54260,1751,5,5,0
54351,1642,10,5,5
54496,729,2,2,0
54149,3198,11,10,1
54453,1307,3,3,0
54439,2110,34,24,10
54469,3174,1,1,0
54456,2307,4,4,0
54372,1533,7,7,0
54114,1119,3,3,0
54043,1229,6,3,3
54077,1341,13,5,8
54111,1985,22,22,0
54182,2732,6,3,3
54299,765,1,1,0
54229,1334,4,4,0
54498,2258,26,24,2
54584,1484,10,8,2
54411,2275,3,3,0
54353,2239,7,7,0
54029,3080,16,16,0
54365,1270,4,4,0
54172,1517,2,2,0
54513,1916,3,3,0
54008,1063,4,3,1
54429,1177,2,2,0
54489,1230,2,2,0
54382,2286,38,23,15
54118,1616,8,8,0
54237,517,2,2,0
54421,1122,5,5,0
54359,1319,3,3,0
54525,3874,3,3,0
54485,2788,5,5,0
54154,814,3,3,0
54098,2146,2,2,0
54322,2051,53,22,31
54465,1122,2,2,0
54437,1870,8,6,2
54162,1137,10,9,1
54112,1545,7,7,0
54051,2530,5,5,0
54080,1416,9,7,2
54001,172,1,1,0
54137,1479,2,2,0
54272,2087,1,1,0
54306,1646,4,4,0
54186,2043,8,8,0
54105,2262,2,2,0
54507,659,2,2,0
54350,1651,5,4,1
54414,820,3,3,0
54591,2389,1,1,0
54334,1672,3,3,0
54279,2125,6,6,0
54003,950,3,3,0
54383,1913,6,6,0
54054,2950,26,2,24
54459,2136,14,12,2
54090,2469,19,12,7
54408,1153,4,4,0
54009,335,1,1,0
54596,1964,9,8,1
54366,2390,10,10,0
54181,2868,5,5,0
54089,2240,7,6,1
54518,1626,10,6,4
54331,757,5,5,0
54192,1961,3,3,0
54138,2441,22,16,6
54309,2681,3,3,0
54436,1945,1,1,0
54168,2209,2,2,0
54276,1541,3,3,0
54364,3467,6,6,0
54070,5274,4,4,0
54510,1278,3,3,0
54073,1996,5,5,0
54265,2812,3,3,0
54295,1216,6,2,4
54432,1783,17,8,9
54102,1510,4,4,0
54113,1713,4,4,0
54548,1127,6,6,0
54337,1814,1,1,0
54011,1616,4,4,0
54019,929,1,1,0
54546,1557,4,3,1
54135,1766,14,12,2
54063,1292,1,1,0
54176,1208,7,7,0
54595,1679,6,6,0
54449,836,3,3,0
54086,400,1,1,0
54402,2333,1,1,0
54315,1656,2,1,1
54052,1147,1,1,0
54002,1477,4,2,2
54409,1016,3,3,0
54060,1892,6,6,0
54076,2063,18,11,7
54012,2365,2,2,0
54583,1164,2,2,0
54551,483,1,1,0
54286,2016,9,7,2
54067,2086,2,2,0
54069,1539,1,1,0
54223,215,1,1,0
54514,2282,5,5,0
54228,645,2,2,0
54250,1857,4,4,0
54415,3421,12,5,7
54466,1132,2,2,0
54478,1151,1,0,1
54226,526,1,1,0
54343,1329,5,5,0
54327,769,1,1,0
54501,988,4,4,0
54127,2289,2,2,0
54167,1649,9,8,1
54442,375,1,1,0
54122,1838,5,2,3
54426,614,2,2,0
54512,1922,6,6,0
54129,750,14,10,4
54065,1224,13,11,2
54579,1193,2,2,0
54039,1090,32,21,11
54238,1020,1,1,0
54307,1415,1,0,1
54045,1081,3,2,1
54354,722,1,1,0
54094,3107,2,2,0
54289,1875,13,10,3
54434,1199,2,2,0
54369,1559,2,2,0
54144,1831,3,3,0
54570,971,3,3,0
54136,1754,20,17,3
54552,1128,3,3,0
54563,3892,17,5,12
54281,1707,12,12,0
54232,2184,13,13,0
54161,385,2,2,0
54495,2201,17,16,1
54330,1090,1,1,0
54577,1264,2,2,0
54424,1120,1,1,0
54303,1848,2,2,0
54148,735,5,3,2
54502,1849,3,3,0
54046,1020,7,7,0
54021,1646,2,2,0
54527,6911,7,5,2
54317,946,3,3,0
54572,2834,7,7,0
54208,1137,2,2,0
54271,233,2,2,0
54530,788,2,2,0
54297,1926,2,2,0
54477,750,1,1,0
54266,2065,2,2,0
54581,1468,2,2,0
54048,532,2,2,0
54131,1675,2,2,0
54104,733,1,1,0
54155,1436,2,2,0
54213,2956,1,1,0
54030,839,2,2,0
54145,1141,5,5,0
54550,1547,3,3,0
54042,1471,1,0,1
54504,1758,6,5,1
54378,3341,2,2,0
54007,2272,5,5,0
54586,1306,3,3,0
54190,899,2,2,0
54545,1157,2,1,1
54386,417,3,3,0
54404,564,1,1,0
54375,1473,5,5,0
54203,1000,1,1,0
54486,2030,3,3,0
54406,608,1,1,0
54602,278,1,1,0
54566,2630,1,1,0
54472,989,4,2,2
54164,852,4,4,0
54308,512,3,3,0
54376,1667,1,1,0
54139,1339,3,3,0
54198,1761,4,4,0
54082,2094,1,1,0
54227,1644,6,6,0
54335,1427,1,1,0
54259,1288,2,2,0
54410,1402,7,7,0
54126,2363,1,1,0
54037,2501,3,3,0
54014,790,2,2,0
54420,2240,3,3,0
54520,678,2,2,0
54010,2502,6,6,0
54212,2642,6,6,0
54241,508,1,1,0
54180,1990,2,2,0
54020,1696,2,2,0
54574,1933,6,4,2
54278,1005,1,1,0
54389,1666,1,1,0
54027,2379,2,1,1
54117,1097,1,1,0
54201,1213,1,1,0
54523,2120,2,2,0
54100,2353,3,3,0
54103,2258,1,1,0
54141,2015,1,1,0
54385,2200,4,4,0
54575,2409,5,4,1
54396,821,2,2,0
54125,1903,2,2,0
54243,1854,2,2,0
54268,521,1,1,0
54590,2467,1,1,0
54349,345,3,3,0
54179,1317,1,1,0
54540,1533,7,7,0
54035,1739,7,2,5
54209,731,1,1,0
54197,2730,2,2,0
54189,941,5,5,0
54555,839,1,1,0
54066,1925,2,2,0
54171,2371,2,2,0
54252,1184,1,1,0
54026,1103,1,1,0
54413,724,2,2,0
54594,1310,4,4,0
54072,1019,1,1,0
54399,797,2,2,0
54110,2804,1,1,0
54194,4302,2,2,0
54443,952,1,1,0
54275,500,4,4,0
54599,1642,2,2,0
54153,2339,4,4,0
54202,1601,2,2,0
54083,1630,3,3,0
54294,545,1,1,0
54338,2142,3,3,0
54511,1150,1,1,0
54377,303,1,1,0
54262,1347,1,1,0
54088,1509,2,2,0
54301,1950,1,1,0
54344,2329,1,1,0
54240,310,2,2,0
54292,1658,1,1,0
54075,2252,1,1,0
54049,1461,1,1,0
54592,2444,1,1,0
54326,4276,3,3,0
54160,1934,1,1,0
54064,352,2,2,0
54473,1062,2,2,0
54379,1195,2,2,0
54539,384,1,1,0
54038,1565,3,3,0
54333,674,1,1,0
54218,2636,1,1,0
54392,1229,1,1,0
54187,347,1,1,0
54412,2662,1,1,0
54316,709,1,1,0
54044,970,2,0,2
54285,816,2,2,0
54101,1150,1,1,0
54211,893,1,1,0
54394,2559,6,2,4
54457,1053,1,1,0
54553,1441,1,1,0
54221,2186,1,1,0
54571,2108,1,1,0
54143,1138,1,1,0
54534,1449,2,2,0
54087,1358,1,1,0
54041,643,2,2,0
54140,1102,1,1,0
54460,1318,2,2,0
54597,617,2,2,0
54236,646,1,1,0
54463,1422,2,2,0
54560,1527,1,1,0
54515,231,2,2,0
54210,774,1,1,0
54173,1238,1,1,0
54398,1808,2,2,0
54134,395,1,1,0
54601,1296,2,2,0
54071,2188,1,1,0
54017,47,1,1,0
54358,2515,1,1,0
54476,1500,1,1,0
54535,1023,1,1,0
54492,1419,2,2,0
54567,1083,1,1,0
54374,556,1,1,0
54074,1881,2,2,0
54175,1144,2,2,0
54249,1830,1,1,0
54559,625,1,1,0
54554,2160,1,1,0
54013,1330,1,1,0
54370,293,2,2,0
54336,2558,1,1,0
54247,813,1,1,0
54264,2637,1,1,0
54363,2348,3,3,0
55010,1479,4,4,0
55191,1562,2,2,0
55288,1275,9,7,2
55257,383,3,3,0
55463,1462,23,11,12
55193,1241,2,2,0
55007,1477,2,2,0
55166,1339,3,3,0
55078,815,2,2,0
55338,574,3,3,0
55531,1015,1,1,0
55063,1415,23,21,2
55132,1086,6,6,0
55165,2119,3,3,0
55196,510,2,2,0
55496,1315,3,3,0
55029,1875,50,29,21
55477,1461,2,2,0
55500,1909,4,4,0
55302,2084,1,1,0
55505,1683,13,13,0
55272,1481,1,1,0
55268,730,1,1,0
55545,1747,57,20,37
55296,858,6,6,0
55516,521,7,5,2
55111,978,4,4,0
55184,965,8,8,0
55467,1950,1,1,0
55122,1589,16,8,8
55053,383,1,1,0
55476,1884,2,2,0
55361,4,1,1,0
55387,1769,2,2,0
55144,616,3,3,0
55014,441,2,2,0
55551,659,4,4,0
55225,655,3,3,0
55364,283,1,1,0
55351,1189,7,7,0
55502,682,9,4,5
55375,636,1,1,0
55075,727,2,2,0
55518,435,1,1,0
55437,329,1,1,0
55386,1436,2,1,1
55423,547,1,1,0
55492,1026,6,3,3
55495,1325,2,2,0
55154,1211,2,2,0
55519,1322,1,1,0
55042,943,5,5,0
55001,582,3,3,0
55341,818,1,1,0
55054,412,1,1,0
55181,1582,8,4,4
55002,984,1,1,0
55198,5032,10,3,7
55120,1821,3,3,0
55581,950,1,1,0
55256,1444,1,1,0
55185,1016,1,1,0
55150,1031,1,1,0
55498,1430,2,2,0
55061,846,2,2,0
55346,569,5,5,0
55158,1522,2,2,0
55508,1011,4,4,0
55156,462,1,1,0
55258,616,2,2,0
55489,999,3,3,0
55497,1377,3,3,0
55094,835,7,4,3
55163,702,1,1,0
55124,1138,5,5,0
55303,636,1,1,0
55045,2046,4,4,0
55511,1092,5,3,2
55038,706,1,1,0
55573,1067,3,3,0
55037,1526,2,2,0
55527,389,1,1,0
55025,846,2,2,0
55105,113,1,1,0
55271,1052,1,1,0
55123,771,3,3,0
55291,1889,17,5,12
55171,1371,2,2,0
55328,296,3,1,2
55153,261,1,1,0
55514,1096,2,2,0
55488,1803,1,1,0
55447,399,3,3,0
55041,1705,2,2,0
55534,100,1,1,0
55119,856,2,2,0
55089,1023,2,2,0
55408,1200,1,1,0
55100,1382,4,4,0
55264,218,1,1,0
55427,1267,6,6,0
55244,1344,1,1,0
55167,599,2,2,0
55493,1188,5,5,0
55009,643,1,1,0
55415,796,1,1,0
55226,265,1,1,0
55059,924,3,3,0
55221,526,1,1,0
55297,222,1,1,0
55554,1627,1,1,0
55215,693,6,3,3
55085,872,2,2,0
55224,1157,2,2,0
55017,671,1,1,0
55077,541,3,3,0
55553,1405,7,7,0
55114,887,1,1,0
55241,702,1,1,0
55403,582,1,1,0
55117,216,1,1,0
55192,937,1,1,0
55145,1107,3,3,0
55276,519,1,1,0
55217,95,1,1,0
55557,818,1,1,0
55279,632,1,1,0
55186,1223,4,4,0
55426,495,1,1,0
55125,193,3,3,0
55088,422,2,0,2
55503,886,2,2,0
55533,3313,6,3,3
55474,550,2,2,0
55444,667,2,2,0
55578,1732,2,2,0
55501,2595,3,3,0
55324,1195,1,1,0
55458,1515,3,2,1
55414,714,1,1,0
55517,326,3,3,0
55093,797,3,3,0
55219,1176,3,3,0
55391,1323,2,2,0
55248,417,1,1,0
55379,708,1,1,0
55121,966,1,1,0
55358,315,1,1,0
55582,43,1,1,0
55255,1171,1,1,0
55216,533,1,1,0
55043,1382,1,0,1
55479,367,1,1,0
55267,1340,1,1,0
55443,463,1,1,0
55381,1091,1,1,0
55525,640,2,2,0
55228,540,3,3,0
55347,509,1,1,0
55509,1008,2,2,0
55013,2149,1,1,0
55563,784,1,1,0
55253,532,1,1,0
55285,625,1,1,0
55520,1540,2,2,0
55487,809,1,1,0
55407,1280,2,2,0
55433,1023,1,1,0
55367,408,1,1,0
55532,1493,2,2,0
55494,1285,1,1,0
55340,912,1,1,0
55178,1092,1,1,0
55398,1316,1,1,0
55084,646,1,1,0
55543,921,1,1,0
55101,1528,1,1,0
55389,564,1,1,0
55470,1050,1,1,0
55157,740,1,1,0
55334,1465,2,2,0
55359,2047,1,1,0
55102,530,1,1,0
55566,438,1,1,0
55490,300,1,1,0
55456,1141,1,1,0
55348,188,1,1,0
55312,1833,2,2,0
55586,1146,1,1,0
55012,1095,1,1,0
55469,947,1,1,0
55062,1505,3,3,0
55411,1264,1,1,0
55031,625,1,1,0
55384,1296,3,3,0
55466,1489,1,1,0
55292,896,1,1,0
55149,809,1,1,0
55336,2416,2,2,0
55366,1089,1,1,0
55097,300,1,1,0
55250,1186,1,1,0
55015,769,1,1,0
56255,3056,12,10,2
56053,5996,30,26,4
56061,16892,36,19,17
56196,2093,11,7,4
56155,3612,27,24,3
56251,3511,42,33,9
56206,4356,52,40,12
56260,4494,364,71,293
56184,2451,54,52,2
56232,1290,5,5,0
56005,5370,40,16,24
56240,4722,82,63,19
56243,5329,43,32,11
56158,3405,52,35,17
56115,4469,21,21,0
56067,3514,17,17,0
56052,5296,39,23,16
56147,2155,38,38,0
56153,2757,20,20,0
56218,1506,7,7,0
56111,1799,7,7,0
56214,5187,29,25,4
56248,3649,41,40,1
56003,4926,26,18,8
56015,2576,12,12,0
56030,5579,9,3,6
56164,7995,24,13,11
56157,2294,16,16,0
56084,6291,5,5,0
56058,3088,16,13,3
56253,1653,4,4,0
56126,2379,9,9,0
56205,4189,7,7,0
56132,2848,13,10,3
56137,10989,28,23,5
56250,1263,6,6,0
56154,1627,14,14,0
56194,1788,15,15,0
56011,1825,12,12,0
56149,3266,25,23,2
56004,2635,9,6,3
56123,2098,13,13,0
56045,2563,7,7,0
56159,1380,10,10,0
56143,2784,31,23,8
56001,1880,21,21,0
56212,2185,28,28,0
56231,2948,23,23,0
56120,2500,9,9,0
56088,5906,5,4,1
56002,3268,12,11,1
56008,4599,23,21,2
56247,5026,16,13,3
56033,1382,16,16,0
56042,2557,8,7,1
56223,3019,14,14,0
56028,1562,10,10,0
56044,1425,5,5,0
56171,1599,14,14,0
56239,1733,13,13,0
56108,1464,6,6,0
56018,3223,10,10,0
56252,5502,5,5,0
56221,1223,10,10,0
56259,6665,12,12,0
56195,3153,8,3,5
56261,6401,23,23,0
56211,1483,7,7,0
56022,2036,6,6,0
56224,1111,1,1,0
56135,1679,9,9,0
56165,2535,65,49,16
56027,1019,2,2,0
56070,1680,13,11,2
56244,2283,11,11,0
56080,1269,12,12,0
56075,1672,22,18,4
56047,1425,11,11,0
56012,1561,19,17,2
56077,3568,3,3,0
56198,824,6,6,0
56236,2056,6,6,0
56191,2296,4,4,0
56229,1347,6,6,0
56032,11830,12,12,0
56071,1346,6,6,0
56087,11904,6,3,3
56222,2506,20,19,1
56219,2213,2,2,0
56160,1329,4,4,0
56136,1325,5,5,0
56129,2092,34,34,0
56127,1427,25,20,5
56020,2065,7,7,0
56024,1574,10,7,3
56226,1841,2,2,0
56254,2288,9,8,1
56103,955,2,2,0
56124,2022,14,13,1
56051,1558,3,3,0
56060,1800,4,4,0
56019,1272,4,4,0
56106,6586,3,2,1
56017,2652,24,22,2
56208,867,1,1,0
56257,1424,10,10,0
56122,1331,13,13,0
56102,1520,22,22,0
56091,2100,23,19,4
56065,2231,5,5,0
56249,1104,4,4,0
56006,1771,6,6,0
56230,3181,2,2,0
56082,1366,4,4,0
56172,1703,14,14,0
56200,1802,10,7,3
56035,1315,4,4,0
56109,2849,6,6,0
56190,1428,3,3,0
56112,1547,7,7,0
56079,2258,8,8,0
56134,1289,12,12,0
56256,906,1,1,0
56197,2144,6,6,0
56043,1292,5,5,0
56145,1570,3,3,0
56068,1225,4,4,0
56204,1813,4,4,0
56050,889,1,1,0
56180,3009,4,4,0
56228,1386,7,7,0
56056,686,2,2,0
56189,2954,10,10,0
56227,170,1,1,0
56069,5733,21,20,1
56162,3813,65,48,17
56121,3671,404,79,325
56130,3065,8,6,2
56098,2760,135,72,63
56083,3329,111,52,59
56107,6607,53,33,20
56118,3416,30,21,9
56193,2992,14,14,0
56169,4196,31,30,1
56063,3123,12,12,0
56026,1738,21,19,2
56078,3901,76,49,27
56179,2286,15,10,5
56185,2409,45,39,6
56188,14463,16,16,0
56094,2784,21,19,2
56029,1977,2,2,0
56090,2524,36,32,4
56181,4273,18,13,5
56101,2599,45,38,7
56040,2213,22,20,2
56021,2974,4,4,0
56089,1593,27,18,9
56148,2880,6,6,0
56104,1381,7,7,0
56062,4898,4,3,1
56166,2453,21,13,8
56036,2426,23,20,3
56220,3391,4,4,0
56144,1493,52,50,2
56263,4018,15,15,0
56258,8077,25,17,8
56186,5775,89,33,56
56199,1099,25,21,4
56178,2891,160,93,67
56203,1605,14,14,0
56234,5389,28,25,3
56173,1610,48,47,1
56170,1384,33,33,0
56163,1315,53,50,3
56073,1101,26,19,7
56007,5078,148,52,96
56093,1421,12,12,0
56117,2725,46,34,12
56116,6156,9,8,1
56177,3190,67,59,8
56161,3749,27,21,6
56174,3056,36,34,2
56048,1203,16,16,0
56105,1607,30,30,0
56167,3832,12,11,1
56125,2236,40,39,1
56128,2462,42,36,6
56023,3849,33,24,9
56066,1356,78,66,12
56176,3178,30,24,6
56074,1349,11,11,0
56264,1017,5,5,0
56010,2246,67,55,12
56013,13196,35,32,3
56152,5976,28,19,9
56175,3122,35,31,4
56237,1272,15,15,0
56146,1890,25,25,0
56096,2895,9,9,0
56031,2178,28,26,2
56034,5926,78,37,41
56055,3489,28,18,10
56014,1623,17,17,0
56110,930,10,10,0
56156,1124,16,12,4
56131,3976,24,18,6
56151,2094,41,35,6
56009,6543,6,6,0
56140,3523,25,24,1
56168,4011,10,8,2
56233,10606,19,14,5
56054,3631,33,25,8
56262,4494,19,16,3
56097,2847,16,16,0
56246,2678,24,22,2
56057,1768,39,35,4
56182,1195,21,21,0
56119,5944,17,17,0
56114,8230,5,5,0
56141,2060,24,23,1
56113,1231,15,15,0
56242,1156,8,8,0
56081,1603,42,37,5
56100,1349,26,26,0
56076,1160,18,16,2
56046,4018,19,19,0
56213,1180,11,11,0
56092,1553,8,8,0
56085,3201,1,1,0
56245,811,7,7,0
56207,1468,10,10,0
56238,1850,24,24,0
56041,1315,21,21,0
56086,1567,1,1,0
56215,1298,13,11,2
56201,1101,6,6,0
56039,1389,15,13,2
56241,4037,6,5,1
56139,1364,2,2,0
56025,932,2,2,0
56072,1098,9,9,0
56099,1817,12,11,1
56210,1689,5,5,0
58214,1298,12,6,6
58121,1104,10,8,2
58194,2180,237,85,152
58079,1957,68,31,37
58117,2161,29,11,18
58284,1629,6,1,5
58217,1762,5,5,0
58095,957,26,17,9
58193,1838,16,14,2
58205,785,11,10,1
58149,540,6,4,2
58177,763,5,5,0
58273,822,4,4,0
58086,1431,65,54,11
58115,1644,4,4,0
58311,758,1,1,0
58191,792,2,2,0
58145,1571,8,8,0
58246,762,5,5,0
58160,1706,19,17,2
58303,1354,34,25,9
58114,924,2,2,0
58285,447,4,4,0
58130,656,1,1,0
58134,958,16,10,6
58061,582,1,1,0
58099,1774,1,1,0
58264,1397,13,11,2
58261,876,2,2,0
58184,1577,2,2,0
58106,1984,8,8,0
58062,759,8,6,2
58276,1550,1,1,0
58232,1346,8,8,0
58147,463,3,3,0
58189,1895,5,5,0
58085,1137,5,5,0
58060,1336,10,6,4
58002,618,7,7,0
58058,880,5,5,0
58107,2843,5,5,0
58088,1594,26,24,2
58051,1409,7,6,1
58171,793,2,2,0
58083,1731,7,5,2
58204,1194,5,5,0
58211,1127,1,1,0
58182,1817,10,10,0
58250,1430,12,9,3
58006,94,3,3,0
58185,1777,3,3,0
58151,845,20,17,3
58173,790,8,8,0
58113,418,2,2,0
58066,486,1,1,0
58131,2269,10,6,4
58215,919,25,23,2
58059,1752,32,25,7
58082,1145,4,3,1
58289,444,1,1,0
58127,960,5,5,0
58122,1059,4,4,0
58014,909,1,1,0
58293,1239,1,1,0
58104,910,7,7,0
58207,1620,8,7,1
58216,862,3,3,0
58208,932,2,2,0
58098,689,3,3,0
58291,964,5,5,0
58190,787,1,1,0
58307,1157,2,2,0
58046,1055,10,7,3
58165,2336,1,1,0
58053,1143,2,2,0
58065,1175,11,9,2
58218,717,11,9,2
58254,1229,6,6,0
58295,1098,7,7,0
58026,1056,1,1,0
58138,1325,4,4,0
58024,1111,5,5,0
58238,1260,9,9,0
58057,874,5,5,0
58166,1639,1,1,0
58110,889,4,4,0
58001,295,3,3,0
58033,1995,1,1,0
58270,834,4,4,0
58229,1352,2,2,0
58070,449,1,1,0
58067,1357,10,10,0
58196,1045,3,3,0
58039,1223,2,2,0
58244,515,1,1,0
58309,782,4,4,0
58017,1143,2,2,0
58223,837,4,4,0
58068,1093,4,4,0
58004,1000,3,3,0
58253,578,1,1,0
58304,508,13,13,0
58283,728,2,2,0
58109,313,4,4,0
58269,675,3,3,0
58180,1107,2,2,0
58258,849,3,3,0
58087,1281,8,8,0
58013,943,1,1,0
58103,745,6,6,0
58111,2420,5,5,0
58044,1097,8,8,0
58210,600,1,1,0
58251,973,2,2,0
58077,693,5,5,0
58227,1264,6,6,0
58301,774,3,3,0
58292,962,2,2,0
58073,434,1,1,0
58281,1574,1,1,0
58094,1191,3,3,0
58003,1074,3,3,0
58286,661,5,5,0
58278,4824,10,4,6
58212,1419,2,2,0
58036,1750,4,4,0
58148,941,2,2,0
58219,774,4,4,0
58084,743,2,2,0
58045,840,2,2,0
58280,1295,2,2,0
58235,1433,1,1,0
58198,970,3,3,0
58288,1168,3,3,0
58037,1161,5,5,0
58120,2037,2,2,0
58140,1232,2,2,0
58168,2505,2,2,0
58157,1353,2,2,0
58040,1037,1,1,0
58226,3173,4,4,0
58150,330,2,2,0
58300,1814,3,3,0
58010,1003,10,10,0
58102,798,8,8,0
58055,645,6,6,0
58242,375,1,1,0
58306,220,2,2,0
58176,1300,1,1,0
58245,589,2,2,0
58247,1000,1,1,0
58287,8595,3,1,2
58178,1094,4,4,0
58012,2409,5,5,0
58266,1129,2,2,0
58231,899,1,1,0
58076,533,1,1,0
58299,1711,4,4,0
58268,1485,1,1,0
58201,1000,1,1,0
58234,606,1,1,0
58093,1459,1,1,0
58090,657,1,1,0
58034,872,2,2,0
58108,926,1,1,0
58170,1036,1,1,0
58124,1196,2,2,0
58126,865,3,3,0
58252,675,1,1,0
58152,1253,2,2,0
58233,288,1,1,0
58075,1139,1,1,0
58035,188,1,1,0
58161,976,2,2,0
58224,811,2,2,0
58195,842,1,1,0
58249,1612,1,1,0
58272,496,1,1,0
58213,1235,1,1,0
58175,1495,1,1,0
58118,795,3,3,0
58074,756,1,1,0
58308,781,1,1,0
58239,1210,3,3,0
58222,1108,2,2,0
58187,202,1,1,0
58302,871,4,4,0
58092,190,1,1,0
58267,880,5,5,0
58048,1065,2,2,0
58183,2609,1,1,0
58032,450,3,3,0
58155,912,2,2,0
58009,375,1,1,0
58101,694,2,2,0
58230,120,1,1,0
58064,1434,5,3,2
58275,712,3,3,0
58156,738,2,2,0
58080,1714,4,4,0
58029,1604,2,2,0
58179,318,1,1,0
58172,1100,1,1,0
58159,1557,1,1,0
58241,5500,2,2,0
58164,750,2,2,0
58041,3644,5,5,0
58052,243,1,1,0
58089,528,2,2,0
58096,1105,5,5,0
58188,204,1,1,0
58047,580,1,1,0
58146,756,3,3,0
58312,685,1,1,0
58030,424,1,1,0
58056,625,2,2,0
58279,853,1,1,0
58072,3473,9,3,6
58105,633,1,1,0
58097,3140,2,2,0
58262,794,1,1,0
58294,1591,1,1,0
58139,440,2,2,0
58011,1689,1,1,0
58132,728,1,1,0
58005,393,1,1,0
58197,909,1,1,0
58135,417,1,1,0
58298,1075,2,2,0
58020,2644,4,4,0
58129,1591,2,2,0
58007,733,1,1,0
58016,1211,1,1,0
59368,4501,263,85,178
59378,5445,390,210,180
59350,7426,2690,565,2125
59560,2564,89,71,18
59343,4033,53,44,9
59452,2126,32,32,0
59508,3112,146,126,20
59163,4063,240,146,94
59009,3356,371,210,161
59630,2722,21,21,0
59202,2539,36,29,7
59599,2502,1000,547,453
59411,2483,15,15,0
59275,4000,10,9,1
59090,4521,71,62,9
59220,2786,125,95,30
59178,4882,445,166,279
59410,2559,147,76,71
59339,2652,68,63,5
59005,3279,38,36,2
59017,2969,280,168,112
59426,2771,89,76,13
59457,2655,56,52,4
59279,3659,186,137,49
59386,3532,91,62,29
59421,3596,138,117,21
59456,1878,40,37,3
59360,3779,191,103,88
59156,1850,25,20,5
59193,2892,24,22,2
59512,31833,854,422,432
59143,2683,67,64,3
59071,2997,17,17,0
59550,2084,18,18,0
59329,1819,40,37,3
59482,2880,46,39,7
59013,3243,12,11,1
59592,2430,36,35,1
59574,2531,132,102,30
59024,1255,28,28,0
59523,3709,16,15,1
59566,2901,28,25,3
59299,3009,116,107,9
59367,2763,104,67,37
59598,2571,22,19,3
59650,4267,330,257,73
59646,3185,167,121,46
59278,2995,24,22,2
59620,1795,3,3,0
59332,2041,17,10,7
59328,5820,316,173,143
59527,3489,132,69,63
59507,3268,162,98,64
59286,2711,128,95,33
59648,15365,123,50,73
59509,1736,33,30,3
59375,2234,51,45,6
59524,2381,41,40,1
59165,2123,48,42,6
59152,2490,90,77,13
59435,2918,19,17,2
59553,3152,40,37,3
59569,1392,112,99,13
59398,3706,24,23,1
59168,6566,59,44,15
59336,1420,14,14,0
59098,2337,43,35,8
59449,4814,92,47,45
59173,2908,13,13,0
59388,2426,9,9,0
59352,3408,69,47,22
59195,3156,5,5,0
59051,2284,51,44,7
59015,1484,13,13,0
59129,2564,28,28,0
59522,3902,16,16,0
59586,3229,57,50,7
59346,4247,17,17,0
59026,1815,12,12,0
59115,1362,7,7,0
59170,2844,38,29,9
59489,2298,24,24,0
59462,2912,37,24,13
59638,3242,6,6,0
59427,3046,4,4,0
59234,2266,37,30,7
59106,4618,14,14,0
59008,1327,68,58,10
59124,3470,20,20,0
59250,3057,12,11,1
59585,2986,24,20,4
59654,852,54,54,0
59371,3839,8,8,0
59477,2207,30,30,0
59227,1868,40,36,4
59602,3729,8,8,0
59052,2060,28,28,0
59028,1594,34,34,0
59636,3442,88,63,25
59327,1504,20,19,1
59080,3650,26,26,0
59211,1435,6,6,0
59011,2639,68,60,8
59317,2472,89,78,11
59247,3502,13,13,0
59611,5185,22,18,4
59128,2994,14,9,5
59239,2089,41,40,1
59117,1683,11,11,0
59316,2770,23,23,0
59653,2736,57,53,4
59252,3145,22,22,0
59487,3277,10,9,1
59466,3181,31,18,13
59303,3298,7,7,0
59314,1621,24,23,1
59660,3340,23,23,0
59419,4657,23,21,2
59044,3988,45,36,9
59042,2736,7,7,0
59408,2130,16,16,0
59203,1818,10,10,0
59501,1637,10,10,0
59254,1622,12,12,0
59158,2753,25,23,2
59025,2901,22,22,0
59609,3168,14,10,4
59256,2832,19,19,0
59096,3137,9,9,0
59458,3204,8,8,0
59470,3482,16,16,0
59266,2584,26,25,1
59390,1554,17,17,0
59258,2997,24,24,0
59088,3296,21,20,1
59214,1773,4,4,0
59133,2421,5,4,1
59034,6187,13,12,1
59409,1228,13,13,0
59224,1582,11,11,0
59029,2975,5,5,0
59642,1848,2,2,0
59637,1857,10,10,0
59197,2979,23,23,0
59320,2765,13,13,0
59330,3248,16,16,0
59022,3299,17,17,0
59414,1805,18,18,0
59263,2190,10,10,0
59126,1517,12,12,0
59551,3640,21,21,0
59196,2978,9,9,0
59007,1964,9,9,0
59123,2579,13,13,0
59656,3171,26,21,5
59345,1290,13,13,0
59199,1241,3,3,0
59334,1921,15,15,0
59146,3399,20,19,1
59113,1383,9,9,0
59228,1516,7,7,0
59629,1707,11,11,0
59486,1839,15,15,0
59004,2348,4,4,0
59437,2070,9,9,0
59185,1494,10,10,0
59257,3554,5,5,0
59276,1519,10,10,0
59105,2444,7,6,1
59658,2684,4,4,0
59670,2528,4,4,0
59222,2661,14,14,0
59354,2068,7,7,0
59356,3896,15,15,0
59145,2796,3,3,0
59364,3146,10,10,0
59201,2805,2,2,0
59208,926,1,1,0
59513,2119,3,3,0
59304,3672,2,2,0
59280,1072,5,5,0
59596,2067,3,3,0
59056,3782,5,5,0
59600,3183,5,5,0
59281,2163,6,6,0
59379,2147,1,1,0
59150,761,4,4,0
59643,537,1,1,0
59400,2037,74,64,10
59590,1799,13,13,0
59416,1784,14,14,0
59260,2624,43,39,4
59130,1746,12,12,0
59094,2184,73,61,12
59580,3175,30,27,3
59155,2504,149,119,30
59183,3140,760,370,390
59588,2511,47,46,1
59271,1595,66,57,9
59082,2293,11,11,0
59647,1353,24,24,0
59268,1992,50,48,2
59067,3713,29,20,9
59131,1877,43,43,0
59043,2923,113,73,40
59107,3510,79,26,53
59579,1826,13,13,0
59272,1771,42,39,3
59111,1924,6,5,1
59295,2369,160,121,39
59086,2181,20,18,2
59663,2091,46,45,1
59212,3666,56,42,14
59581,1985,12,12,0
59073,2626,7,7,0
59338,2148,11,11,0
59615,1990,22,22,0
59273,2254,64,51,13
59431,2742,48,47,1
59262,3762,18,18,0
59570,1982,13,13,0
59318,1877,9,9,0
59499,2937,14,9,5
59135,3411,28,28,0
59084,3421,18,18,0
59340,1949,27,24,3
59448,1622,8,8,0
59305,2195,18,18,0
59668,2233,11,8,3
59463,2124,5,5,0
59110,2733,10,10,0
59497,1852,19,19,0
59210,1608,21,20,1
59319,2401,15,15,0
59641,3592,20,20,0
59436,1646,8,8,0
59159,2627,3,3,0
59189,1957,7,7,0
59162,1812,11,11,0
59605,1655,7,7,0
59535,2611,10,10,0
59397,1880,8,8,0
59359,1925,32,32,0
59666,2034,11,11,0
59200,1981,3,3,0
59309,1499,27,27,0
59634,1918,6,6,0
59293,1767,13,13,0
59568,1956,2,2,0
59184,5467,18,4,14
59628,2636,6,6,0
59453,1269,5,5,0
59120,2409,9,9,0
59180,2943,9,9,0
59454,1943,8,5,3
59433,1716,5,5,0
59582,1980,4,4,0
59536,4202,4,4,0
59665,2086,4,4,0
59655,2066,4,4,0
59083,2552,3,3,0
59358,1790,9,9,0
59478,2893,13,13,0
59516,2503,9,9,0
59667,1687,3,3,0
59089,1473,11,11,0
59337,1776,3,3,0
59046,1621,3,3,0
59401,2043,8,8,0
59576,2410,10,10,0
59402,2093,7,7,0
59539,2010,9,9,0
59587,1567,5,5,0
59546,1161,4,4,0
59657,1773,4,4,0
59282,1442,1,1,0
59018,1826,13,11,2
59326,1510,3,3,0
59237,1897,8,8,0
59016,1686,13,13,0
59366,1871,6,6,0
59662,1511,10,10,0
59399,2056,2,2,0
59091,2523,7,7,0
59577,2073,5,5,0
59119,1837,2,2,0
59087,1413,5,5,0
59308,2069,10,10,0
59578,1623,12,12,0
59423,1845,3,3,0
59443,2056,1,1,0
59469,2990,2,2,0
59669,2163,4,4,0
59182,1654,1,1,0
59054,1844,3,3,0
59307,1488,1,1,0
59538,988,1,1,0
59012,1058,22,22,0
59101,1209,2,2,0
59157,1320,21,21,0
59351,1494,12,12,0
59490,1247,1,1,0
59601,1615,25,19,6
59392,1965,248,169,79
59035,1873,19,16,3
59036,2436,63,28,35
59151,1835,19,19,0
59481,3036,42,23,19
59495,2387,27,21,6
59384,1299,7,7,0
59385,2904,27,20,7
59041,1451,15,15,0
59514,1389,30,25,5
59324,1683,76,63,13
59325,1330,7,7,0
59249,2191,111,81,30
59659,2899,30,18,12
59068,2525,42,31,11
59104,1030,22,22,0
59365,1961,44,32,12
59525,1096,21,15,6
59291,1550,117,106,11
59190,1573,16,16,0
59331,1596,36,25,11
59225,3123,72,65,7
59230,2221,49,43,6
59357,1654,17,17,0
59134,1788,14,14,0
59467,1360,23,23,0
59261,1109,17,17,0
59406,1225,1,1,0
59290,1404,4,4,0
59033,1647,61,55,6
59021,1228,17,17,0
59344,1440,26,25,1
59232,1852,4,4,0
59270,1556,1,1,0
59241,902,6,6,0
59639,1497,8,8,0
59347,2556,6,6,0
59424,1493,10,10,0
59277,10868,3,3,0
59464,1049,24,24,0
59381,1828,2,2,0
59370,1749,8,8,0
59058,1394,10,10,0
59053,1452,23,22,1
59218,1734,11,11,0
59194,1501,16,16,0
59242,1518,10,10,0
59099,1043,13,13,0
59503,1486,3,3,0
59572,1220,18,18,0
59555,2634,7,7,0
59451,1639,3,3,0
59626,2426,16,15,1
59363,1665,11,11,0
59534,1191,5,5,0
59518,1025,1,1,0
59474,986,7,7,0
59619,1822,5,5,0
59061,2170,2,2,0
59661,1316,1,1,0
59065,1552,4,4,0
59148,1360,1,1,0
59445,1594,6,6,0
59078,1074,1,1,0
59246,1257,4,4,0
59618,934,3,3,0
59315,1182,7,7,0
59584,1114,9,9,0
59323,3024,15,15,0
59057,1638,2,2,0
59543,1413,5,5,0
59439,904,2,2,0
59217,2724,4,4,0
59259,2842,4,4,0
59003,1939,4,4,0
59177,2352,11,6,5
59264,1577,11,11,0
59283,1516,4,4,0
59070,1168,3,3,0
59549,1624,4,4,0
59233,1085,5,5,0
59265,1912,15,15,0
59396,1811,6,6,0
59542,1297,2,2,0
59472,906,4,4,0
59461,1061,1,1,0
59640,1232,4,4,0
59342,1959,1,1,0
59223,3590,3,3,0
59441,1963,11,11,0
59548,1681,5,5,0
59556,1310,1,1,0
59164,2049,4,4,0
59583,1386,3,3,0
59468,1947,3,3,0
59251,2189,10,10,0
59562,2147,2,2,0
59169,1177,4,4,0
59077,931,1,1,0
59374,761,1,1,0
59226,1375,11,11,0
59116,1965,7,7,0
59198,2072,3,3,0
59231,2000,6,6,0
59306,1308,1,1,0
59529,1704,2,2,0
59066,836,2,2,0
59062,922,1,1,0
59142,1316,2,2,0
59174,1618,2,2,0
59229,1338,9,9,0
59425,1633,2,2,0
59607,1595,6,6,0
59617,1905,5,5,0
59353,1919,4,4,0
59565,1904,4,4,0
59631,893,29,29,0
59037,1333,28,25,3
59122,2415,379,210,169
59389,2330,19,11,8
59139,3474,175,107,68
59571,1627,43,34,9
59597,1760,5,5,0
59349,1317,13,13,0
59074,1037,23,23,0
59625,1107,5,5,0
59405,1423,2,2,0
59063,1156,19,19,0
59294,1569,4,4,0
59520,1773,16,16,0
59558,1335,15,15,0
59382,1279,10,10,0
59496,954,2,2,0
59430,1218,10,10,0
59428,1537,14,14,0
59125,1235,2,2,0
59545,910,20,20,0
59136,1580,90,70,20
59206,1406,31,31,0
59502,2232,11,6,5
59176,973,2,2,0
59608,2006,10,10,0
59243,1672,16,13,3
59149,1826,8,8,0
59488,4392,19,19,0
59432,2086,8,5,3
59322,1592,29,27,2
59547,1326,10,10,0
59622,1272,14,14,0
59595,1379,4,4,0
59377,1333,11,11,0
59108,2547,12,7,5
59289,1227,14,14,0
59413,1656,3,3,0
59118,1492,36,36,0
59422,1809,4,4,0
59614,888,21,21,0
59132,2012,10,10,0
59533,1145,9,7,2
59624,1810,27,19,8
59311,1082,9,9,0
59069,1544,8,8,0
59395,459,3,3,0
59137,1008,5,5,0
59097,1245,2,2,0
59312,1152,8,8,0
59528,1603,7,7,0
59455,1784,11,11,0
59485,1289,17,17,0
59204,1475,3,3,0
59506,1470,5,5,0
59593,1556,8,8,0
59236,729,6,6,0
59541,1248,17,17,0
59552,1289,3,3,0
59141,748,3,3,0
59321,1434,10,10,0
59023,1482,9,9,0
59394,906,8,8,0
59450,1407,9,9,0
59604,1337,6,6,0
59623,1522,4,4,0
59492,1522,5,5,0
59075,712,6,6,0
59121,704,2,2,0
59039,1735,3,3,0
59049,1221,3,3,0
59140,1131,6,6,0
59167,1111,3,3,0
59269,1515,11,11,0
59244,1718,10,10,0
59191,801,5,5,0
59500,919,3,3,0
59081,1287,4,4,0
59612,1460,2,2,0
59341,1538,5,5,0
59521,1001,4,4,0
59216,1927,4,4,0
59635,942,3,3,0
59575,1996,3,3,0
59255,1825,7,7,0
59517,1932,7,7,0
59213,1259,3,3,0
59001,2584,3,3,0
59537,2378,6,6,0
59102,1261,1,1,0
59274,864,6,6,0
59059,1400,3,3,0
59161,1784,5,5,0
59287,1276,4,4,0
59085,2489,2,2,0
59372,1399,6,6,0
59498,1341,2,2,0
59219,2015,4,4,0
59476,1329,7,6,1
59048,2145,1,1,0
59138,1423,3,3,0
59465,2090,3,3,0
59055,1345,2,2,0
59438,706,1,1,0
59412,1309,3,3,0
59179,1416,54,54,0
59160,1486,43,43,0
59253,1769,68,65,3
59616,1977,84,79,5
59014,2473,100,64,36
59112,3315,89,72,17
59447,1752,66,65,1
59491,4278,99,55,44
59301,1916,28,28,0
59606,5597,603,197,406
59205,3927,74,49,25
59172,2613,176,110,66
59002,1772,40,34,6
59297,2037,24,24,0
59361,1326,21,19,2
59038,1341,15,15,0
59511,2768,16,16,0
59444,2388,1,1,0
59479,1911,25,23,2
59632,1831,56,48,8
59383,3198,111,83,28
59079,1385,46,37,9
59313,1329,12,12,0
59238,1996,13,13,0
59603,1677,31,29,2
59292,1601,17,17,0
59651,1022,18,18,0
59369,2017,28,25,3
59429,1322,22,22,0
59515,1749,3,3,0
59564,1701,28,23,5
59589,4063,34,24,10
59284,3096,41,38,3
59032,2373,45,38,7
59557,1973,24,23,1
59092,1466,27,27,0
59459,1768,29,27,2
59288,1416,29,29,0
59526,3403,152,131,21
59613,1515,6,6,0
59544,2219,73,49,24
59519,2454,8,8,0
59393,2516,12,12,0
59440,1515,5,5,0
59446,1471,4,4,0
59153,1856,66,51,15
59027,2252,14,13,1
59504,1726,22,19,3
59192,1466,7,7,0
59387,1701,14,14,0
59418,1517,12,11,1
59475,1559,15,15,0
59335,2409,14,14,0
59144,2291,11,11,0
59302,1697,25,25,0
59484,1434,30,25,5
59471,1703,9,9,0
59166,4288,5,5,0
59114,3116,19,15,4
59100,2170,7,7,0
59594,1997,11,11,0
59559,2150,14,14,0
59480,2460,6,6,0
59348,1787,7,5,2
59019,3096,7,7,0
59505,1858,7,7,0
59407,2235,5,5,0
59285,1272,20,20,0
59591,1269,3,3,0
59403,1551,4,4,0
59610,1934,14,14,0
59207,7942,22,11,11
59221,42409,59,5,54
59434,1863,14,14,0
59645,2462,10,9,1
59064,1785,7,7,0
59215,2045,5,5,0
59391,2613,5,5,0
59530,2383,2,2,0
59109,3360,1,1,0
59047,1223,3,3,0
59103,1236,4,4,0
59563,2560,2,2,0
59127,1701,1,1,0
59076,359,2,2,0
59209,1111,2,2,0
59554,2211,2,2,0
59493,1607,1,1,0
59531,338,1,1,0
59483,2338,2,2,0
59296,3250,1,1,0
59300,809,1,1,0
59420,2761,2,2,0
59415,1263,1,1,0
59060,1352,1,1,0
59473,1249,1,1,0
59175,276,1,1,0
59652,1823,1,1,0
60678,2628,12,12,0
60057,2923,413,167,246
60107,3497,30,25,5
60581,1718,34,29,5
60104,3765,55,36,19
60225,1703,7,7,0
60102,2461,25,25,0
60480,2193,5,5,0
60251,1790,2,2,0
60106,1829,9,8,1
60049,1545,4,4,0
60013,3013,10,10,0
60157,2562,102,51,51
60133,1592,5,5,0
60245,1973,21,18,3
60001,1845,7,7,0
60017,1684,13,13,0
60233,1275,7,7,0
60456,2505,10,10,0
60353,795,1,1,0
60342,6570,60,24,36
60360,2159,44,24,20
60524,2609,30,19,11
60510,2536,3,3,0
60143,3105,21,16,5
60209,3038,7,7,0
60116,3238,22,22,0
60356,2358,5,5,0
60257,5850,13,4,9
60042,2730,13,13,0
60405,2217,11,10,1
60256,2552,18,18,0
60334,2712,8,8,0
60522,1744,2,2,0
60367,3764,4,4,0
60652,2161,11,11,0
60588,1397,6,6,0
60587,2327,11,10,1
60370,3382,4,3,1
60395,4206,92,69,23
60406,2612,10,10,0
60134,2696,19,19,0
60343,2344,8,8,0
60562,2610,17,16,1
60390,1065,4,4,0
60285,1914,5,5,0
60115,2423,5,5,0
60130,2202,7,7,0
60515,1869,5,5,0
60007,2323,21,20,1
60451,2335,14,14,0
60040,2214,6,6,0
60211,2334,4,4,0
60010,2874,13,13,0
60234,2327,26,19,7
60594,1429,1,1,0
60029,2212,15,15,0
60063,2058,5,5,0
60065,3475,12,12,0
60433,3170,18,18,0
60504,3092,13,9,4
60439,1928,48,36,12
60330,2131,18,18,0
60012,2653,32,31,1
60387,1228,13,13,0
60265,1801,6,6,0
60609,1924,13,13,0
60630,2584,2,2,0
60627,2054,2,2,0
60154,2954,11,10,1
60302,2614,7,7,0
60180,2188,9,9,0
60103,2898,27,26,1
60611,2215,13,13,0
60377,1583,2,2,0
60182,1324,3,3,0
60662,2183,8,8,0
60685,2254,14,14,0
60591,3935,17,13,4
60088,3070,38,28,10
60404,3617,12,5,7
60409,3315,14,9,5
60493,1729,11,11,0
60357,1198,4,4,0
60623,1682,10,8,2
60250,3374,6,6,0
60165,2859,7,7,0
60290,3886,1,1,0
60703,2114,7,7,0
60030,1650,7,7,0
60196,3477,9,9,0
60178,1753,27,23,4
60050,3138,5,5,0
60109,2223,4,4,0
60314,3267,1,1,0
60663,2186,1,1,0
60407,1426,2,2,0
60539,2484,14,11,3
60472,1889,1,1,0
60041,2476,4,3,1
60073,1965,8,8,0
60144,2535,4,4,0
60626,2222,8,8,0
60039,1501,7,7,0
60547,2720,8,8,0
60004,830,2,2,0
60428,2268,15,15,0
60574,2108,4,4,0
60681,2249,6,6,0
60135,2166,19,17,2
60313,2025,13,13,0
60307,2641,9,9,0
60598,1951,3,3,0
60108,400,1,1,0
60364,1803,2,1,1
60333,1993,9,8,1
60374,2524,16,11,5
60577,1925,13,13,0
60280,2143,1,1,0
60701,1448,11,11,0
60698,1508,2,2,0
60085,2286,2,2,0
60469,1646,4,4,0
60344,1930,7,7,0
60411,3781,8,8,0
60082,1416,5,5,0
60309,3612,15,11,4
60485,1824,4,4,0
60575,2557,32,27,5
60253,1591,5,5,0
60009,2351,16,16,0
60286,1973,26,22,4
60339,2052,1,1,0
60332,2289,4,4,0
60644,2803,12,9,3
60089,1943,5,5,0
60668,4118,14,14,0
60530,1662,5,5,0
60146,1441,3,3,0
60120,1994,8,8,0
60187,2272,16,16,0
60435,2472,5,5,0
60122,2131,5,5,0
60355,2286,3,3,0
60616,2246,36,35,1
60003,2472,6,6,0
60131,1269,3,3,0
60620,3450,4,4,0
60195,3524,5,5,0
60321,2690,8,8,0
60677,1831,5,5,0
60264,2033,4,4,0
60371,1794,3,3,0
60535,1837,7,7,0
60564,1420,1,1,0
60158,1393,2,2,0
60221,1221,8,8,0
60240,439,3,3,0
60242,1208,6,6,0
60283,988,1,1,0
60418,6060,7,2,5
60573,1678,4,4,0
60697,1639,1,1,0
60177,3887,4,4,0
60542,2641,8,8,0
60454,1878,9,9,0
60199,2042,5,5,0
60217,1167,1,1,0
60218,2641,8,8,0
60026,3110,4,4,0
60452,3280,2,2,0
60529,2415,1,1,0
60702,998,3,3,0
60243,2023,4,4,0
60568,1693,3,3,0
60331,2576,3,3,0
60164,1678,6,6,0
60363,1818,3,3,0
60015,2107,5,5,0
60403,1422,12,12,0
60163,2042,5,5,0
60628,2538,8,8,0
60420,3226,8,8,0
60335,2053,5,5,0
60298,1509,8,8,0
60016,2950,1,0,1
60162,2909,2,2,0
60669,3276,2,2,0
60076,1854,4,4,0
60590,1077,11,11,0
60648,3200,1,1,0
60361,2395,4,4,0
60526,2087,12,12,0
60599,1885,4,4,0
60140,2200,5,5,0
60401,2605,7,7,0
60002,4402,12,6,6
60252,1749,6,6,0
60604,2494,6,6,0
60169,2642,7,7,0
60498,3241,6,6,0
60646,1777,6,6,0
60624,2034,3,3,0
60595,1792,2,2,0
60277,2790,6,6,0
60014,2114,2,2,0
60576,3645,7,7,0
60301,2215,3,3,0
60230,1818,4,4,0
60111,1542,3,3,0
60486,1853,3,3,0
60570,2651,16,15,1
60550,2021,1,1,0
60464,2804,8,8,0
60200,1173,2,2,0
60465,2051,1,1,0
60215,2889,3,3,0
60592,1772,7,7,0
60372,2065,5,5,0
60596,1651,5,5,0
60077,1754,3,3,0
60008,2448,3,3,0
60643,1757,4,4,0
60563,1996,3,3,0
60311,1430,2,2,0
60293,2608,2,2,0
60567,22276,10,10,0
60095,2806,3,3,0
60328,1623,4,4,0
60269,1585,4,4,0
60375,2527,3,3,0
60638,3106,4,4,0
60136,1822,8,8,0
60359,2218,2,2,0
60214,2034,2,2,0
60699,2828,1,1,0
60426,11924,4,4,0
60054,2777,8,8,0
60614,1188,1,1,0
60512,3447,3,3,0
60288,2549,4,4,0
60700,3042,9,9,0
60653,2482,1,1,0
60084,1940,1,1,0
60235,3687,10,10,0
60152,4032,1,1,0
60442,543,1,1,0
60248,279,2,2,0
60210,2324,3,3,0
60645,2555,4,4,0
60476,1866,1,1,0
60299,1574,6,6,0
60639,1617,9,9,0
60477,2629,10,10,0
60586,1253,8,8,0
60664,1812,3,3,0
60462,2809,14,13,1
60179,2129,1,1,0
60400,1062,1,1,0
60691,1132,1,1,0
60545,884,4,4,0
60239,2580,3,3,0
60315,2611,2,2,0
60514,685,5,5,0
60397,1179,2,2,0
60006,2147,10,9,1
60090,4677,7,5,2
60267,1594,4,4,0
60183,810,1,1,0
60608,2300,2,2,0
60034,1688,6,6,0
60557,3038,2,2,0
60425,2324,3,3,0
60673,2177,1,1,0
60366,369,1,1,0
60468,1750,3,3,0
60399,1580,4,4,0
60376,2090,2,2,0
60232,2120,1,1,0
60457,100,1,1,0
60516,1840,3,3,0
60327,2160,4,4,0
60412,2805,4,4,0
60553,1657,2,2,0
60296,2739,9,9,0
60222,6790,3,3,0
60123,1218,3,3,0
60484,1210,2,2,0
60271,2582,3,3,0
60112,1565,3,3,0
60613,1817,4,4,0
60692,1590,1,1,0
60470,2107,5,5,0
60556,1910,2,2,0
60640,2857,1,1,0
60216,2212,2,2,0
60316,2564,1,1,0
60633,2392,3,3,0
60113,660,2,2,0
60051,2000,2,2,0
60295,2453,3,3,0
60247,2290,1,1,0
60114,1934,4,4,0
60634,1114,3,3,0
60523,2882,2,2,0
60487,2418,1,1,0
60317,2859,1,1,0
60388,1981,3,3,0
60444,2015,1,1,0
60496,1708,1,1,0
60268,1692,2,2,0
60687,1921,1,1,0
60396,1597,2,2,0
60520,2185,2,2,0
60098,2250,1,1,0
60416,2302,3,3,0
60058,833,1,1,0
60566,1176,2,2,0
60565,4397,4,4,0
60297,2152,1,1,0
60168,2229,1,1,0
60585,1286,1,1,0
60194,1710,2,2,0
60186,1531,1,1,0
60306,2931,1,1,0
60437,1264,1,1,0
60208,3016,1,1,0
60605,1608,2,2,0
60276,1918,1,1,0
60310,3595,2,2,0
60193,1300,2,2,0
60622,1692,1,1,0
60220,3167,1,1,0
60490,3176,2,2,0
60219,2500,1,1,0
60289,1857,1,1,0
60365,4464,1,1,0
60336,1930,2,2,0
60549,4406,2,2,0
60659,2368,1,1,0
60319,2632,1,1,0
60275,1875,1,1,0
60660,2427,2,2,0
60176,2729,70,35,35
60463,2737,107,53,54
60509,2696,81,42,39
60408,1550,3,3,0
60079,2497,8,8,0
60513,3660,17,15,2
60159,3730,259,58,201
60670,5231,37,27,10
60141,6179,105,7,98
60603,1247,5,5,0
60282,4371,89,66,23
60505,3520,9,6,3
60684,2192,27,20,7
60175,2396,119,30,89
60155,8462,29,18,11
60686,2957,27,21,6
60094,3252,10,10,0
60689,2579,19,19,0
60380,2862,19,19,0
60172,3661,21,13,8
60139,3647,58,36,22
60093,3303,7,7,0
60053,239,3,3,0
60249,2426,4,4,0
60066,2163,5,5,0
60119,4503,13,8,5
60338,2708,29,28,1
60402,4165,15,14,1
60151,2401,21,20,1
60142,38097,64,10,54
60651,2292,12,12,0
60641,2764,5,4,1
60156,5430,32,20,12
60382,12465,73,24,49
60612,3573,112,29,83
60190,1948,1,1,0
60160,2783,4,4,0
60368,1951,16,15,1
60149,2230,10,10,0
60511,2413,8,8,0
60278,1664,2,2,0
60173,2773,11,4,7
60647,2166,8,8,0
60501,3659,11,11,0
60189,932,12,12,0
60129,1883,10,10,0
60491,7632,20,20,0
60101,3545,4,4,0
60274,2057,2,2,0
60346,6367,105,83,22
60414,3200,59,31,28
60305,2263,1,1,0
60059,1761,3,3,0
60064,2089,6,6,0
60636,2301,27,23,4
60682,4718,1,1,0
60665,2892,29,22,7
60025,1937,11,11,0
60421,3199,3,3,0
60254,1882,2,2,0
60610,1779,7,7,0
60005,2403,9,9,0
60446,2905,17,9,8
60683,2623,3,3,0
60674,6335,7,7,0
60584,3612,29,19,10
60508,2636,25,18,7
60642,1636,20,20,0
60423,2150,3,3,0
60666,3490,13,10,3
60554,2261,5,5,0
60019,2648,2,2,0
60284,2313,6,6,0
60086,2708,5,3,2
60471,1967,62,37,25
60185,2818,7,7,0
60067,2596,10,10,0
60068,2269,19,17,2
60392,2222,2,2,0
60619,2768,12,8,4
60261,1867,4,4,0
60582,2163,10,10,0
60197,2653,5,5,0
60450,2710,23,14,9
60117,2088,3,3,0
60150,1584,6,6,0
60326,2640,2,2,0
60558,1837,8,6,2
60145,2138,3,3,0
60500,3304,28,11,17
60238,3115,14,14,0
60489,4383,15,12,3
60422,4928,8,8,0
60147,2092,9,9,0
60351,1708,1,1,0
60601,1618,5,4,1
60676,1711,5,5,0
60448,1517,4,4,0
60047,2975,4,4,0
60398,2848,23,18,5
60540,1587,7,7,0
60044,7047,19,9,10
60272,3332,7,7,0
60695,4625,15,13,2
60393,1620,4,4,0
60679,1306,2,2,0
60022,3901,10,10,0
60661,4231,8,8,0
60635,3592,4,2,2
60188,2276,9,9,0
60632,1309,11,11,0
60325,2719,14,14,0
60483,1500,1,1,0
60192,1755,1,1,0
60578,1893,6,6,0
60091,3393,3,2,1
60650,2699,6,6,0
60074,2628,10,9,1
60373,2469,4,4,0
60100,2478,2,2,0
60181,1841,6,6,0
60223,2147,13,13,0
60212,3279,6,6,0
60033,6736,3,1,2
60531,2516,14,14,0
60494,3437,12,8,4
60138,4545,10,8,2
60478,2626,3,2,1
60069,2778,7,6,1
60597,2761,11,9,2
60552,1762,4,4,0
60350,1613,8,8,0
60378,2192,3,3,0
60600,3419,4,4,0
60318,2057,7,7,0
60291,13172,35,10,25
60213,2739,12,9,3
60410,1438,2,2,0
60473,2905,5,5,0
60479,1867,3,3,0
60572,1821,3,3,0
60037,1252,3,3,0
60482,3688,20,16,4
60667,2727,28,17,11
60341,347928,8,6,2
60657,471,1,1,0
60032,1728,5,5,0
60506,1332,4,4,0
60308,2489,2,2,0
60541,3271,6,6,0
60431,1078,4,4,0
60024,1900,6,6,0
60167,2129,4,4,0
60126,2603,1,1,0
60492,4555,9,9,0
60207,2690,2,2,0
60658,2361,2,2,0
60379,2061,2,2,0
60241,5433,3,3,0
60430,3376,9,9,0
60534,2651,4,4,0
60560,3823,7,7,0
60028,4273,7,6,1
60443,1428,4,4,0
60618,2448,1,1,0
60023,4238,3,2,1
60203,3115,5,3,2
60383,2007,3,3,0
60680,2997,3,2,1
60236,1231,3,3,0
60046,2700,1,1,0
60561,2764,3,3,0
60320,2022,7,7,0
60533,2247,16,11,5
60537,2730,18,15,3
60517,3546,8,8,0
60447,3456,4,4,0
60593,1562,2,2,0
60386,1959,3,3,0
60092,1192,2,2,0
60292,1667,2,2,0
60060,5813,14,13,1
60434,1776,2,2,0
60693,1351,3,3,0
60438,2044,1,1,0
60589,2937,13,7,6
60259,2383,1,1,0
60424,2901,2,2,0
60441,3646,1,1,0
60358,2584,15,12,3
60579,2436,1,1,0
60231,2242,2,1,1
60206,2035,4,4,0
60260,2518,5,5,0
60348,2107,3,3,0
60055,1900,3,3,0
60324,1590,4,4,0
60569,1495,1,1,0
60072,6719,1,1,0
60166,2423,2,2,0
60083,2094,4,4,0
60548,2707,5,5,0
60061,2083,1,1,0
60045,2830,4,4,0
60617,1378,1,1,0
60507,818,3,3,0
60281,2095,4,4,0
60385,1874,6,6,0
60655,1988,2,2,0
60488,1177,2,2,0
60127,2526,4,4,0
60389,1239,2,2,0
60198,1668,3,3,0
60637,2738,1,1,0
60323,1021,3,3,0
60099,393,1,1,0
60621,1928,1,1,0
60337,2523,4,2,2
60170,4067,7,3,4
60543,2356,3,3,0
60105,1507,5,5,0
60191,1127,3,3,0
60227,1193,2,2,0
60021,1601,4,4,0
60229,2600,2,2,0
60381,1200,2,2,0
60432,4028,6,4,2
60125,2783,5,5,0
60519,1273,1,1,0
60631,5980,1,0,1
60043,1644,1,1,0
60369,4949,15,11,4
60672,1852,10,10,0
60340,2267,2,0,2
60204,1375,1,1,0
60538,2417,1,1,0
60481,3711,4,4,0
60413,2307,1,1,0
60132,1087,1,1,0
60270,2330,1,1,0
60445,1295,1,1,0
60184,1394,1,1,0
60263,956,1,1,0
60671,2483,1,1,0
60174,1762,6,6,0
60226,3019,1,0,1
60449,4477,6,6,0
60124,594,2,2,0
61255,1072,2,2,0
61001,2578,39,19,20
61167,1214,8,8,0
61279,1309,1,1,0
61258,1547,6,6,0
61284,2084,2,2,0
61011,1227,1,1,0
61402,753,1,1,0
61086,1380,2,2,0
61232,1103,3,3,0
61061,1600,1,1,0
61043,2235,1,1,0
61309,1979,6,6,0
61152,429,1,1,0
61293,1411,6,5,1
61151,2520,3,3,0
61145,1191,9,9,0
61316,2167,2,2,0
61214,1289,13,5,8
61483,2053,15,8,7
61464,1751,9,9,0
61230,1329,12,12,0
61389,1474,5,5,0
61474,2217,20,20,0
61052,1935,2,2,0
61160,2165,1,1,0
61414,1483,2,2,0
61486,1107,7,7,0
61333,455,1,1,0
61405,679,1,1,0
61422,1982,2,2,0
61491,1308,2,2,0
61181,907,3,1,2
61240,2045,5,5,0
61036,1141,1,1,0
61421,1757,2,2,0
61394,478,1,1,0
61091,747,2,1,1
61476,3379,1,1,0
61197,1540,2,2,0
61391,803,3,3,0
61481,916,2,2,0
61463,603,7,7,0
61182,1571,4,4,0
61006,1671,12,7,5
61307,1853,6,6,0
61116,1503,9,5,4
61498,1864,1,1,0
61404,3097,5,5,0
61130,1660,2,2,0
61150,1590,3,3,0
61141,2527,3,3,0
61143,2268,2,2,0
61198,1778,1,1,0
61490,4644,2,2,0
61432,1282,1,1,0
61362,1158,3,3,0
61324,1089,1,1,0
61375,1731,4,4,0
61373,1250,2,2,0
61256,774,1,1,0
61196,2027,3,3,0
61252,1413,4,4,0
61446,1243,2,2,0
61079,1451,4,4,0
61117,1907,2,2,0
61089,1350,1,1,0
61071,1014,1,1,0
61276,2789,1,1,0
61075,1270,3,3,0
61211,2725,5,5,0
61411,1739,1,1,0
61433,1064,2,2,0
61215,1038,2,2,0
61007,1511,4,4,0
61439,1100,1,1,0
61248,882,1,1,0
61460,1921,3,3,0
61050,2105,1,1,0
61208,584,2,2,0
61445,815,1,1,0
61413,694,2,2,0
61126,944,2,2,0
61345,786,5,3,2
61002,1641,2,2,0
61456,1778,3,3,0
61133,750,1,1,0
61070,1759,2,2,0
61063,938,2,2,0
61339,1215,2,2,0
61207,1301,2,2,0
61385,2098,4,4,0
61457,1500,2,2,0
61168,1355,9,9,0
61475,1315,3,3,0
61300,1867,2,2,0
61267,1277,2,2,0
61123,1627,1,1,0
61159,1955,1,1,0
61462,1572,3,3,0
61321,1508,1,1,0
61014,1394,3,3,0
61269,1058,1,1,0
61508,517,1,0,1
61241,1956,1,1,0
61008,1075,2,2,0
61397,1552,5,5,0
61040,439,3,3,0
61218,1683,2,2,0
61488,2516,2,2,0
61408,1370,1,1,0
61162,1011,2,2,0
61275,3137,2,2,0
61121,1081,1,1,0
61438,2030,1,1,0
61072,1543,3,3,0
61153,1258,1,1,0
61363,5417,1,1,0
61096,605,1,1,0
61342,1359,2,2,0
61484,1694,2,2,0
61497,1691,2,2,0
61310,1022,1,1,0
61393,848,1,1,0
61302,1203,1,1,0
61029,2587,2,2,0
61412,700,1,1,0
61327,1164,1,1,0
61037,175,2,2,0
61138,1308,1,1,0
61098,1954,1,1,0
61194,1549,1,1,0
61032,38,1,1,0
61298,1632,4,4,0
61502,740,1,1,0
61102,1535,2,2,0
61038,1103,1,1,0
61219,993,2,2,0
61028,1786,2,2,0
61074,611,1,1,0
61169,959,1,0,1
61336,2034,2,2,0
61418,2571,1,1,0
61097,1123,1,1,0
61348,2451,1,1,0
61243,1500,1,1,0
61209,333,1,1,0
61139,1935,2,2,0
61176,1527,1,1,0
61093,848,1,1,0
61510,1598,4,4,0
61060,2889,1,1,0
61379,1190,2,2,0
61494,2532,2,0,2
61224,1667,1,1,0
62724,1983,22,22,0
62652,1618,14,10,4
62594,1294,4,4,0
62041,3781,265,117,148
62335,1149,5,5,0
62459,850,2,2,0
62096,881,4,4,0
62753,2331,21,16,5
62277,1567,17,17,0
62570,1543,40,40,0
62744,2102,16,14,2
62263,1923,18,18,0
62065,1464,63,51,12
62039,1554,3,3,0
62612,2703,3,3,0
62013,5018,15,13,2
62749,1369,3,3,0
62240,1486,12,12,0
62099,3519,21,17,4
62869,2171,7,7,0
62291,1644,18,15,3
62440,1435,8,8,0
62865,1836,22,22,0
62673,963,1,1,0
62650,1594,2,2,0
62042,2379,9,9,0
62854,1587,2,2,0
62874,1065,5,5,0
62817,3515,8,8,0
62764,1849,12,12,0
62856,1249,4,4,0
62080,1108,14,14,0
62355,2105,5,5,0
62861,2247,21,21,0
62781,1837,2,2,0
62734,809,4,4,0
62221,2023,3,3,0
62537,776,1,1,0
62597,1996,2,2,0
62668,1826,3,3,0
62728,2341,7,7,0
62639,2213,2,2,0
62331,1682,8,8,0
62469,1476,2,2,0
62279,1417,5,5,0
62060,1021,19,19,0
62363,1907,3,3,0
62805,1200,1,1,0
62050,1383,15,15,0
62181,1243,4,4,0
62004,2266,32,24,8
62306,1411,2,2,0
62145,1149,3,3,0
62801,1886,13,13,0
62557,2154,8,8,0
62371,1949,7,7,0
62740,1261,2,2,0
62011,2191,5,5,0
62718,2106,4,4,0
62638,1645,8,8,0
62840,963,2,2,0
62361,895,23,22,1
62111,1230,2,2,0
62422,1591,2,2,0
62858,1111,1,1,0
62173,1821,19,19,0
62045,1843,13,12,1
62284,1410,11,11,0
62873,2221,2,2,0
62542,1486,1,1,0
62368,1273,2,2,0
62828,1500,1,1,0
62158,998,3,3,0
62825,1327,3,3,0
62763,804,7,7,0
62404,1316,1,1,0
62810,2915,9,9,0
62117,1363,4,4,0
62138,1905,9,9,0
62128,1868,20,20,0
62005,2093,3,3,0
62341,1344,1,1,0
62834,1537,3,3,0
62388,1046,8,8,0
62468,2730,2,2,0
62092,1333,1,1,0
62731,746,3,3,0
62418,2100,1,1,0
62381,935,2,2,0
62813,1851,6,6,0
62436,933,1,1,0
62695,815,3,3,0
62784,1515,9,9,0
62686,1520,5,5,0
62568,2815,1,1,0
62442,1413,1,1,0
62767,1810,28,15,13
62677,1046,2,2,0
62785,1720,7,5,2
62428,1450,2,2,0
62012,1010,2,2,0
62421,1465,2,2,0
62833,2018,1,1,0
62001,2126,8,8,0
62172,1989,5,5,0
62037,2639,15,14,1
62118,1942,4,4,0
62611,1720,3,3,0
62182,697,3,3,0
62712,2278,8,8,0
62709,842,2,2,0
62323,1788,8,8,0
62672,1614,3,3,0
62544,1490,3,3,0
62660,877,2,2,0
62063,2652,12,6,6
62558,867,1,1,0
62369,1953,2,2,0
62646,795,1,1,0
62077,599,4,4,0
62881,12935,3,3,0
62130,1390,2,2,0
62647,1751,3,3,0
62154,1322,7,7,0
62703,2004,3,3,0
62831,1695,4,4,0
62715,1555,3,3,0
62593,1118,1,1,0
62580,921,2,2,0
62430,2319,1,1,0
62387,1295,1,1,0
62484,677,2,2,0
62081,1311,4,4,0
62280,1546,2,2,0
62383,1714,7,7,0
62892,1925,3,3,0
62438,2550,8,8,0
62649,1158,3,3,0
62829,1802,3,3,0
62761,1661,1,1,0
62878,2043,3,3,0
62839,1623,6,6,0
62163,1136,3,3,0
62572,1105,3,3,0
62185,1042,1,1,0
62519,1293,1,1,0
62714,1688,4,4,0
62285,1338,3,3,0
62627,1921,6,6,0
62269,2418,6,6,0
62559,1569,2,2,0
62859,956,1,1,0
62741,1349,2,2,0
62187,1687,2,2,0
62835,1493,3,3,0
62798,1524,1,1,0
62820,951,2,2,0
62324,744,1,1,0
62216,1769,2,2,0
62148,13512,10,3,7
62073,1822,6,6,0
62097,2095,1,1,0
62151,1428,4,4,0
62007,2441,3,3,0
62036,1010,5,5,0
62340,3514,2,2,0
62507,768,2,2,0
62344,1125,1,1,0
62332,779,1,1,0
62909,558,5,5,0
62493,1569,2,2,0
62664,1518,2,2,0
62002,854,1,1,0
62514,1506,2,2,0
62719,1338,5,5,0
62072,1058,2,2,0
62152,1276,2,2,0
62864,1737,2,2,0
62609,2549,2,2,0
62476,4701,8,2,6
62061,1865,3,3,0
62069,1025,3,3,0
62470,1420,1,1,0
62109,1495,2,2,0
62362,1415,1,1,0
62451,3823,14,10,4
62733,1899,4,4,0
62651,1847,1,1,0
62147,1780,3,3,0
62199,2639,5,5,0
62780,725,2,2,0
62872,1759,4,4,0
62579,2106,2,2,0
62347,1313,1,1,0
62303,1593,2,2,0
62320,1003,2,2,0
62346,1829,1,1,0
62113,1400,1,1,0
62352,1430,5,5,0
62238,1942,2,2,0
62184,1502,4,4,0
62290,882,1,0,1
62804,498,3,3,0
62166,1793,1,1,0
62337,1567,6,6,0
62467,573,1,1,0
62465,1810,4,4,0
62797,125,2,2,0
62399,1506,1,1,0
62782,2321,2,2,0
62633,1215,2,2,0
62796,914,2,2,0
62259,5080,9,6,3
62112,1846,3,3,0
62171,1247,1,1,0
62122,1195,1,1,0
62689,1481,3,3,0
62589,2394,5,4,1
62260,1970,1,1,0
62384,953,5,5,0
62822,675,1,1,0
62663,2498,2,2,0
62879,1620,1,1,0
62406,2239,1,1,0
62435,1298,2,2,0
62232,1186,3,3,0
62581,807,2,2,0
62142,1343,4,4,0
62143,5737,3,3,0
62164,1318,4,4,0
62868,631,1,1,0
62084,1871,1,1,0
62777,957,2,2,0
62106,1624,1,1,0
62855,882,1,1,0
62343,1067,2,2,0
62248,1642,1,1,0
62071,1822,3,3,0
62086,1341,3,3,0
62180,804,3,3,0
62003,2419,1,1,0
62515,1457,2,2,0
62144,1810,2,2,0
62009,1942,1,1,0
62131,1892,2,2,0
62490,2523,2,2,0
62739,1097,1,1,0
62475,1130,1,1,0
62213,3810,1,1,0
62665,1304,2,2,0
62416,827,1,1,0
62068,1780,1,1,0
62808,1127,1,1,0
62425,2793,1,1,0
62282,446,1,1,0
62414,2065,1,1,0
62619,620,1,1,0
62582,1360,1,1,0
62631,719,1,1,0
62583,746,1,1,0
62299,1121,1,1,0
62669,2606,2,2,0
62345,333,1,1,0
62850,1790,1,1,0
62365,984,1,1,0
62528,1779,20,20,0
62510,2722,77,52,25
62637,2342,26,23,3
62132,2116,13,10,3
62624,1797,12,12,0
62473,1372,13,11,2
62133,2538,27,22,5
62706,2861,10,10,0
62048,1784,47,38,9
62195,2209,7,7,0
62427,2599,89,63,26
62498,3871,87,45,42
62676,1725,2,2,0
62083,1508,15,15,0
62224,1903,10,10,0
62170,1636,4,4,0
62311,1943,6,6,0
62051,25801,8,8,0
62617,1763,36,28,8
62516,1226,27,26,1
62033,3727,15,10,5
62178,1688,57,51,6
62119,2706,100,52,48
62321,1980,16,16,0
62215,2254,53,43,10
62573,7924,25,9,16
62186,1659,17,16,1
62770,1671,10,10,0
62401,1960,8,8,0
62349,1615,2,2,0
62351,1568,10,10,0
62194,1628,12,12,0
62443,1701,14,14,0
62587,1605,19,17,2
62328,1275,4,4,0
62523,1441,11,11,0
62034,2004,1,1,0
62628,1507,8,8,0
62563,1505,17,16,1
62413,1713,20,18,2
62126,1723,24,17,7
62249,1809,11,11,0
62262,1709,5,5,0
62250,1913,14,14,0
62851,2433,6,6,0
62491,2229,18,17,1
62555,1221,12,12,0
62486,1327,6,6,0
62286,1811,1,1,0
62750,1599,2,2,0
62895,1837,14,14,0
62376,1443,7,7,0
62274,1612,9,8,1
62023,1244,8,8,0
62907,1134,4,4,0
62509,1300,2,2,0
62735,1910,9,9,0
62847,1829,11,8,3
62270,1252,4,4,0
62188,1589,13,13,0
62836,1858,2,2,0
62863,1857,3,3,0
62276,2127,10,10,0
62330,2503,4,4,0
62489,1276,10,10,0
62035,2226,11,11,0
62457,1642,13,13,0
62454,2284,18,18,0
62141,1896,3,3,0
62846,1623,6,6,0
62019,2577,4,3,1
62713,1924,3,3,0
62391,1676,4,4,0
62529,2399,2,2,0
62737,1456,7,6,1
62842,2020,13,13,0
62497,1493,10,10,0
62400,3367,14,7,7
62197,2897,4,4,0
62217,1374,2,2,0
62445,2036,5,5,0
62666,1466,5,3,2
62464,1784,6,6,0
62252,2663,7,7,0
62736,2356,5,5,0
62771,7817,22,4,18
62848,2127,6,5,1
62502,2557,10,10,0
62626,2022,4,4,0
62564,1585,2,2,0
62338,2591,4,3,1
62278,1739,2,2,0
62313,1181,2,2,0
62218,2828,4,4,0
62032,1578,5,5,0
62500,1433,1,1,0
62356,2483,1,1,0
62540,2641,2,2,0
62310,2069,3,3,0
62480,2852,3,3,0
62386,2165,3,3,0
62377,1650,3,3,0
62606,2412,1,1,0
62162,152,1,1,0
62520,2206,2,2,0
62350,2014,1,1,0
62512,1775,3,3,0
62532,450,2,2,0
62407,2000,3,3,0
62642,2228,1,1,0
62727,2076,1,1,0
62701,2003,1,1,0
62120,893,1,1,0
62479,1493,3,3,0
62841,1609,1,1,0
62693,1010,2,2,0
62373,1408,2,2,0
62584,2233,2,2,0
62193,3835,635,344,291
62758,1930,81,54,27
62244,2340,46,45,1
62774,3913,23,17,6
62604,4367,81,46,35
62160,3698,379,112,267
62446,1491,6,4,2
62667,1833,52,36,16
62548,2189,57,56,1
62487,1845,8,8,0
62237,1845,2,2,0
62251,1657,2,2,0
62773,1796,38,36,2
62268,1774,40,32,8
62599,1336,2,2,0
62893,4276,60,26,34
62746,1736,22,20,2
62397,1607,42,38,4
62643,1660,78,67,11
62755,1752,21,20,1
62300,5031,32,18,14
62654,2771,3,3,0
62560,2562,36,35,1
62264,1522,7,7,0
62474,2576,7,6,1
62775,660,1,1,0
62329,1850,9,9,0
62056,5942,5,4,1
62239,1954,19,19,0
62235,2585,22,22,0
62894,2697,18,18,0
62546,2719,5,5,0
62769,3609,8,8,0
62156,2705,2,2,0
62075,2056,6,5,1
62031,1911,9,9,0
62412,1761,9,9,0
62526,2176,1,1,0
62214,2321,4,4,0
62360,2309,8,8,0
62506,3444,5,5,0
62191,1465,3,3,0
62043,2254,21,21,0
62711,1819,20,20,0
62751,2815,5,5,0
62705,2157,17,13,4
62448,2478,9,9,0
62678,857,1,1,0
62786,1040,2,2,0
62853,1678,4,4,0
62566,1617,6,6,0
62054,2769,8,8,0
62899,4561,22,14,8
62402,2155,7,7,0
62161,2053,4,4,0
62408,2239,11,11,0
62908,1352,7,7,0
62429,2635,3,3,0
62524,1407,5,5,0
62281,2492,2,2,0
62444,2708,4,4,0
62439,1837,5,5,0
62530,1715,3,3,0
62196,4796,6,6,0
62201,3473,42,24,18
62261,6949,125,68,57
62765,3743,155,56,99
62888,2517,3,3,0
62447,1388,20,14,6
62108,3604,247,108,139
62534,1496,23,21,2
62826,9700,232,78,154
62040,1689,41,40,1
62318,3636,88,68,20
62525,2152,37,34,3
62906,1793,17,17,0
62204,2149,7,7,0
62729,1475,1,1,0
62756,2653,30,22,8
62549,1222,8,8,0
62902,1622,22,20,2
62230,2277,3,3,0
62571,5738,77,33,44
62823,1850,2,2,0
62471,1960,6,6,0
62550,1496,12,12,0
62889,3131,6,6,0
62635,1129,4,4,0
62827,1806,14,14,0
62742,3143,2,2,0
62903,1603,4,4,0
62153,1641,2,2,0
62271,1229,7,7,0
62008,2011,8,8,0
62057,2505,40,37,3
62901,1878,4,4,0
62745,2460,3,3,0
62688,3069,59,59,0
62645,2247,36,32,4
62245,1727,6,6,0
62325,1051,12,9,3
62811,1683,14,14,0
62704,1615,7,7,0
62354,2569,6,6,0
62849,4004,15,14,1
62046,858,6,6,0
62613,1628,8,8,0
62760,1385,2,2,0
62684,1631,22,22,0
62757,1729,30,30,0
62265,1249,4,4,0
62304,1084,3,3,0
62610,2657,4,4,0
62792,2466,9,9,0
62596,856,2,2,0
62055,2488,9,9,0
62020,1292,5,5,0
62038,3324,31,31,0
62621,1538,20,20,0
62179,1885,5,5,0
62644,1226,8,8,0
62228,4561,2,0,2
62014,2076,90,66,24
62656,1681,11,11,0
62225,2600,2,2,0
62662,1687,11,11,0
62531,1837,4,4,0
62716,3593,3,3,0
62334,2253,2,2,0
62297,1968,17,17,0
62423,1584,12,12,0
62174,1944,14,14,0
62025,3173,9,8,1
62236,1399,4,4,0
62595,1893,10,10,0
62275,1108,3,3,0
62053,1299,10,10,0
62690,1262,4,4,0
62288,1833,17,17,0
62139,2014,25,25,0
62492,597,2,2,0
62390,1994,13,13,0
62364,1121,20,20,0
62452,2154,11,11,0
62567,1307,3,3,0
62679,3228,1,1,0
62483,1678,3,3,0
62562,2866,5,5,0
62229,1831,9,9,0
62543,1823,8,8,0
62247,1562,4,4,0
62168,1388,5,5,0
62752,4286,15,15,0
62588,4232,17,9,8
62461,1389,13,13,0
62904,21065,13,13,0
62021,2111,1,1,0
62648,2187,7,7,0
62432,1263,1,1,0
62787,1473,3,3,0
62222,1612,2,2,0
62748,1960,13,13,0
62022,3328,3,3,0
62832,1592,6,6,0
62691,3527,15,15,0
62295,1573,13,13,0
62207,1826,6,6,0
62882,1388,2,2,0
62505,1040,1,1,0
62845,1149,4,4,0
62488,1809,6,6,0
62309,1545,13,13,0
62875,1689,5,5,0
62527,1965,6,6,0
62721,1654,12,12,0
62100,1774,19,19,0
62862,761,3,3,0
62382,1431,7,7,0
62670,1734,3,3,0
62289,4285,9,9,0
62078,1968,6,6,0
62044,13051,8,8,0
62403,1485,7,7,0
62067,2146,5,5,0
62692,1625,4,4,0
62104,2397,2,2,0
62772,1160,4,4,0
62592,1806,6,6,0
62730,2032,13,13,0
62233,6038,7,7,0
62449,883659,5,5,0
62598,1827,7,7,0
62273,2350,2,2,0
62463,1131,4,4,0
62437,1875,7,7,0
62202,1445,7,7,0
62585,1164,4,4,0
62603,2057,7,6,1
62336,2435,7,7,0
62212,1127,3,3,0
62547,1733,2,2,0
62870,1928,6,6,0
62458,1147,7,7,0
62293,1119,3,3,0
62551,2264,4,4,0
62538,1331,3,3,0
62723,1612,1,1,0
62255,2033,3,3,0
62685,1411,2,2,0
62799,2339,8,8,0
62123,3580,6,6,0
62257,3603,3,1,2
62743,1609,5,5,0
62485,1238,3,3,0
62618,1514,3,3,0
62726,793,1,1,0
62254,1683,1,1,0
62812,1240,9,9,0
62565,721,1,1,0
62522,1690,2,2,0
62844,2116,12,12,0
62478,1489,2,2,0
62803,2323,3,3,0
62783,2568,4,4,0
62359,1796,5,5,0
62659,1181,2,2,0
62661,1257,3,3,0
62307,1979,1,1,0
62460,4545,1,1,0
62880,3117,1,1,0
62653,1898,3,3,0
62327,1789,2,2,0
62241,2391,5,5,0
62897,2373,7,7,0
62634,2129,6,6,0
62552,2903,10,10,0
62569,1750,2,2,0
62094,1651,2,2,0
62205,1925,8,8,0
62533,804,1,1,0
62095,833,1,1,0
62140,1605,8,8,0
62905,1791,8,8,0
62220,1157,5,5,0
62788,1581,8,8,0
62176,2498,11,11,0
62738,3082,2,2,0
62398,7424,6,6,0
62821,2598,2,2,0
62472,1083,3,3,0
62710,1265,4,4,0
62267,1185,6,6,0
62681,1740,3,3,0
62150,1459,2,2,0
62843,345,1,1,0
62837,2167,1,1,0
62183,1091,3,3,0
62066,818,1,1,0
62177,2953,7,5,2
62815,2814,4,4,0
62393,2365,10,10,0
62896,2181,2,2,0
62794,1679,2,2,0
62871,1338,2,2,0
62087,1875,8,8,0
62395,1333,1,1,0
62167,1250,2,2,0
62227,1697,4,4,0
62088,1886,2,2,0
62481,1266,2,2,0
62852,1999,4,4,0
62887,2562,1,1,0
62466,1875,2,2,0
62059,2304,1,1,0
62622,1809,4,4,0
62016,1975,3,3,0
62105,2012,2,2,0
62886,1376,1,1,0
62116,2049,2,2,0
62165,4594,2,2,0
62296,1245,2,2,0
62556,2526,1,1,0
62824,1101,2,2,0
62696,605,2,2,0
62535,4136,2,2,0
62312,1880,3,3,0
62302,1170,1,1,0
62127,1301,1,1,0
62015,2542,3,3,0
62018,1379,1,1,0
62315,1546,2,2,0
62698,1919,2,2,0
62682,4062,1,1,0
62102,1341,2,2,0
62308,764,2,2,0
62766,625,1,1,0
62504,1748,3,3,0
62623,1461,1,1,0
62155,2229,2,2,0
62699,1553,1,1,0
62169,1676,2,2,0
62495,1684,1,1,0
62024,1429,1,1,0
63284,2623,27,21,6
63276,1240,4,3,1
63460,469,3,3,0
63075,4646,80,10,70
63058,1961,1,1,0
63344,3370,2,2,0
63395,1031,1,1,0
63349,1855,9,6,3
63113,9324,362,46,316
63015,890,2,2,0
63455,3119,5,5,0
63032,2348,22,9,13
63263,3312,8,8,0
63417,1355,2,2,0
63260,410,2,2,0
63211,2664,5,5,0
63038,2616,7,1,6
63236,3320,30,4,26
63121,1471,2,2,0
63261,1846,3,3,0
63307,2957,11,8,3
63070,3278,6,5,1
63380,1362,2,1,1
63208,854,2,2,0
63275,2051,4,4,0
63321,1877,6,6,0
63010,889,9,8,1
63457,2982,13,8,5
63014,5617,17,6,11
63103,5854,28,10,18
63267,1562,3,3,0
63124,2337,30,19,11
63063,2159,4,3,1
63150,1488,2,1,1
63042,2406,6,6,0
63125,3152,11,6,5
63245,2591,7,5,2
63048,1217,9,5,4
63005,1650,1,1,0
63324,579,3,3,0
63102,587,8,8,0
63165,739,4,4,0
63030,1198,1,1,0
63453,2947,5,5,0
63469,1090,1,1,0
63282,1548,2,2,0
63347,1467,1,1,0
63040,1235,7,5,2
63300,7660,49,9,40
63141,2494,4,3,1
63164,2260,18,11,7
63308,2875,19,0,19
63052,981,5,2,3
63178,4725,59,9,50
63357,75,1,1,0
63166,325,1,1,0
63057,929,2,1,1
63142,514,1,1,0
63132,1154,2,2,0
63198,2339,2,2,0
63341,1554,4,4,0
63047,2241,21,5,16
63212,3060,6,6,0
63019,8636,13,7,6
63077,2326,5,5,0
63195,1869,12,12,0
63309,1190,1,1,0
63130,425,5,5,0
63272,9631,7,5,2
63100,4158,3,3,0
63006,557,2,2,0
63250,2628,2,2,0
63456,3343,3,3,0
63069,2671,12,11,1
63001,1408,4,4,0
63224,1779,2,2,0
63319,2000,1,1,0
63327,2267,5,5,0
63225,485,5,5,0
63098,2581,1,1,0
63237,2216,5,5,0
63193,2435,13,7,6
63247,1826,2,1,1
63322,2101,3,3,0
63116,1611,5,4,1
63233,823,2,2,0
63043,1955,1,1,0
63085,958,3,3,0
63080,2747,11,5,6
63170,1825,1,1,0
63027,2160,1,1,0
63438,2259,2,2,0
63335,1054,3,3,0
63139,392,1,1,0
63246,2170,4,4,0
63426,818,3,3,0
63365,1030,1,1,0
63265,1935,2,2,0
63269,810,1,1,0
63180,3085,4,4,0
63363,1209,3,3,0
63430,2923,44,15,29
63234,1158,3,3,0
63026,2028,6,6,0
63340,365,3,3,0
63210,1152,7,7,0
63388,1692,5,3,2
63177,1545,3,3,0
63089,2526,3,3,0
63118,64,2,2,0
63126,2375,5,5,0
63397,630,3,3,0
63331,1583,2,0,2
63228,1943,2,2,0
63037,635,2,2,0
63071,2410,2,2,0
63201,351,2,0,2
63035,2039,2,2,0
63231,3785,9,6,3
63320,1131,1,1,0
63334,1166,2,2,0
63004,853,3,3,0
63106,2439,6,6,0
63345,2729,9,9,0
63285,1886,1,1,0
63411,7274,2,1,1
63191,1515,1,1,0
63138,1712,1,1,0
63016,1096,1,1,0
63256,2150,1,1,0
63131,2310,7,7,0
63213,2783,2,2,0
63405,3257,1,1,0
63370,1900,1,1,0
63083,1977,2,2,0
63148,2071,3,2,1
63093,1508,4,4,0
63050,3091,12,10,2
63432,1724,1,1,0
63378,1889,3,3,0
63415,2898,9,4,5
63422,2006,2,2,0
63072,1620,4,4,0
63433,985,1,1,0
63329,1494,2,2,0
63291,1642,6,5,1
63306,2559,2,2,0
63248,1701,1,1,0
63128,381,1,1,0
63023,2162,1,1,0
63393,1184,1,1,0
63354,303,1,1,0
63379,1266,1,1,0
63188,2152,2,2,0
63352,746,1,1,0
63187,3727,4,4,0
63232,1305,1,1,0
63226,2045,6,6,0
63317,1976,4,4,0
63290,733,2,2,0
63421,1329,10,0,10
63301,1878,5,5,0
63092,1303,2,2,0
63346,2029,2,2,0
63425,2059,2,2,0
63003,1167,13,10,3
63151,388,1,1,0
63413,2488,3,3,0
63353,1314,3,3,0
63022,1418,2,2,0
63418,655,1,1,0
63381,1614,2,2,0
63055,1135,3,3,0
63343,1539,1,1,0
63362,1826,1,1,0
63314,2065,3,2,1
63278,2621,2,2,0
63099,2407,5,3,2
63287,2429,1,1,0
63258,1592,1,1,0
63227,2624,2,1,1
63207,898,2,2,0
63205,717,2,2,0
63470,1821,6,6,0
63214,2744,5,4,1
63144,1698,1,1,0
63262,2130,4,3,1
63281,963,1,1,0
63254,2425,3,3,0
63129,2133,1,1,0
63336,1850,2,2,0
63273,2143,2,2,0
63409,659,2,2,0
63095,595,1,1,0
63443,823,2,2,0
63468,728,1,1,0
63110,1235,2,2,0
63017,704,1,1,0
63009,1100,2,2,0
63454,883,1,1,0
63041,1020,2,2,0
63134,88,1,1,0
63091,1128,3,3,0
63244,2592,4,4,0
63084,2082,3,3,0
63109,2193,1,1,0
63196,1599,2,2,0
63333,440,1,1,0
63279,3095,2,2,0
63400,2746,6,6,0
63033,504,1,1,0
63295,667,1,1,0
63189,1031,2,2,0
63436,114,2,2,0
63338,698,4,1,3
63390,1202,4,4,0
63222,1562,1,1,0
63039,425,1,1,0
63146,2495,9,9,0
63120,1982,1,1,0
63315,1943,3,1,2
63348,1379,1,1,0
63473,2839,2,2,0
63420,2319,2,2,0
63238,699,1,1,0
63441,1400,1,1,0
63296,1473,1,1,0
63066,971,1,1,0
63358,2054,2,2,0
63181,1113,1,1,0
63049,3269,3,2,1
63298,955,1,1,0
63149,2087,1,1,0
63264,7684,4,0,4
63204,3161,2,2,0
63434,1983,2,2,0
63160,1439,2,2,0
63270,848,1,1,0
63079,320,1,1,0
63184,315,1,1,0
63305,1304,2,2,0
63419,762,1,1,0
63356,1288,2,2,0
63192,1115,4,1,3
63251,794,1,1,0
63194,1451,2,2,0
63064,689,1,1,0
63424,2067,1,1,0
63215,2135,2,2,0
63012,2330,2,2,0
63423,1113,1,1,0
63059,2931,1,1,0
63464,2051,1,1,0
63082,2328,1,1,0
63024,2592,2,0,2
63081,193,1,1,0
63414,1403,2,2,0
63259,2545,1,1,0
63190,1756,1,1,0
63185,674,1,1,0
63046,686,1,1,0
63240,1662,1,1,0
63036,1602,1,1,0
63257,354,1,1,0
63274,1176,1,1,0
63326,2323,2,2,0
63448,861,1,1,0
64445,3329,87,6,81
64348,2537,4,2,2
64491,1299,1,1,0
64510,1823,2,2,0
64405,2268,1,1,0
64430,3438,15,8,7
64138,2134,2,2,0
64526,1919,1,1,0
64129,2160,7,2,5
64284,3075,3,2,1
64068,2213,4,4,0
64067,1620,3,3,0
64499,2396,9,8,1
64536,2250,2,2,0
64145,2310,2,2,0
64525,2581,1,1,0
64233,1138,1,1,0
64439,2584,2,2,0
64410,996,3,1,2
64112,3322,3,3,0
64253,600,1,1,0
64349,2250,1,1,0
64237,1700,5,1,4
64044,1908,1,1,0
64040,3220,3,0,3
64060,2465,4,4,0
64431,2212,2,2,0
64108,2110,4,4,0
64473,2091,2,2,0
64461,1000,1,1,0
64335,2434,2,0,2
64061,2067,2,2,0
64133,1693,5,5,0
64422,1215,5,1,4
64057,2150,2,2,0
64132,2253,4,2,2
64320,2297,2,1,1
64428,1926,2,2,0
64204,1458,1,0,1
64087,2000,1,1,0
64077,1810,1,1,0
64191,1329,1,1,0
64185,642,1,1,0
64417,2020,5,4,1
64529,902,1,1,0
64269,2571,1,1,0
64443,1176,2,2,0
64400,1235,1,1,0
64072,2083,2,2,0
64156,1093,1,1,0
64240,2045,1,1,0
64511,3087,1,1,0
64097,1140,2,2,0
64270,2296,3,3,0
64176,5868,2,2,0
64037,2582,2,2,0
64137,186,1,1,0
64023,2535,1,1,0
64365,1414,1,1,0
64366,1362,3,3,0
64197,2267,2,2,0
64519,3721,2,2,0
64448,2331,1,1,0
64331,1681,1,1,0
64307,857,2,2,0
64413,2297,1,1,0
64315,2068,1,1,0
64479,2286,2,2,0
64216,1962,1,1,0
64007,2172,1,1,0
64339,2515,1,1,0
64393,1338,1,1,0
64354,1346,1,1,0
64021,2708,2,2,0
64474,1700,1,1,0
64386,3102,3,3,0
64244,1846,2,2,0
64109,1565,1,1,0
64376,2570,1,1,0
64035,5629,24,19,5
64495,4545,42,28,14
64125,11315,91,22,69
64122,10213,431,86,345
64260,5526,208,23,185
64102,5484,555,46,509
64024,6782,433,136,297
64026,2466,4,2,2
64483,8938,179,27,152
64256,4688,65,34,31
64545,5133,74,34,40
64504,3698,15,12,3
64249,10921,17,10,7
64496,4276,38,10,28
64317,4448,6,2,4
64189,6875,98,25,73
64016,1701,2,2,0
64140,3987,77,24,53
64304,5679,19,7,12
64160,4242,49,12,37
64100,5914,23,16,7
64477,1938,7,3,4
64527,3009,6,4,2
64540,3686,24,21,3
64547,3978,45,24,21
64259,2510,5,5,0
64202,942,2,2,0
64485,9398,8,0,8
64038,6189,33,19,14
64493,2454,13,8,5
64147,3514,16,13,3
64231,1957,3,3,0
64009,7140,8,7,1
64362,1689,3,3,0
64065,6855,36,22,14
64130,6427,15,5,10
64350,2861,5,4,1
64538,2532,7,3,4
64166,6019,2,1,1
64407,4245,29,21,8
64282,3347,8,8,0
64093,1261,7,7,0
64277,924,2,2,0
64377,2837,10,6,4
64558,4231,14,13,1
64123,29367,69,13,56
64559,1577,4,0,4
64487,1629,4,4,0
64107,885,1,1,0
64228,4221,10,0,10
64235,1976,1,1,0
64279,4686,19,7,12
64316,1287,1,1,0
64188,719,3,3,0
64273,1826,1,1,0
64533,1234,7,3,4
64161,2999,9,5,4
64275,2987,8,3,5
64247,1098,3,3,0
64214,748,3,3,0
64371,4622,27,9,18
64364,1,1,1,0
64213,4492,8,7,1
64250,3901,15,9,6
64435,3364,4,4,0
64502,2222,3,3,0
64036,1817,3,3,0
64264,865,1,1,0
64546,4873,17,11,6
64105,2182,4,0,4
64475,305,1,1,0
64528,2615,5,1,4
64509,1458,4,3,1
64014,2754,2,2,0
64010,1689,8,8,0
64047,2342,1,1,0
64242,521,1,1,0
64289,4002,8,4,4
64034,3032,1,1,0
64113,1201,3,3,0
64375,2650,2,2,0
64013,2404,1,1,0
64049,2385,2,2,0
64411,324,2,2,0
64017,743,3,3,0
64484,2446,3,0,3
64340,1405,1,1,0
64298,2905,1,1,0
64436,3078,6,0,6
64537,1322,2,2,0
64314,2044,2,2,0
64492,1400,1,1,0
64094,3853,11,10,1
64265,2235,1,1,0
64476,1812,2,2,0
64018,2475,4,4,0
64391,1675,3,3,0
64378,2306,1,1,0
64283,9221,2,1,1
64368,3731,1,1,0
64008,2884,4,4,0
64404,1067,3,3,0
64271,1863,1,1,0
64124,6422,2,2,0
64441,887,3,3,0
64255,3615,2,1,1
64424,1760,1,1,0
64490,2537,2,0,2
64274,2521,1,1,0
64272,1738,1,1,0
64297,741,1,1,0
64187,2037,3,3,0
64086,296,1,1,0
64322,2384,2,2,0
64134,8164,4,2,2
64294,369,1,1,0
65481,2336,16,0,16
65440,1995,646,81,565
65042,1698,7,7,0
65447,3472,13,10,3
65162,1173,3,3,0
65059,112063,254,15,239
65017,2351,13,4,9
65315,1651,6,6,0
65174,1483,3,3,0
65258,2186,40,18,22
65340,1640,6,6,0
65240,1205,9,9,0
65130,1104,5,5,0
65127,1825,26,9,17
65285,1675,1,1,0
65196,2026,1,1,0
65007,1323,2,2,0
65286,2666,153,27,126
65331,2041,21,17,4
65100,1825,17,16,1
65047,1811,48,29,19
65460,1420,26,20,6
65195,2305,3,0,3
65198,159350,59,3,56
65408,962,6,2,4
65301,1007,1,1,0
65123,2526,29,19,10
65435,1719,5,4,1
65112,3345,3,3,0
65032,70163,6,6,0
65388,3547,61,0,61
65363,2122,7,5,2
65451,1621,2,2,0
65282,4430,8,1,7
65062,2021,14,13,1
65262,2276,8,8,0
65243,2106,3,3,0
65299,642,2,2,0
65013,583,2,2,0
65295,81393,26,2,24
65294,1190,2,2,0
65375,2000,10,7,3
65393,2435,2,2,0
65417,1872,38,32,6
65237,1928,3,3,0
65075,2026,2,2,0
65003,2826,3,1,2
65390,1628,2,2,0
65362,2479,4,3,1
65226,1476,7,6,1
65083,3013,5,5,0
65235,2040,6,6,0
65344,2563,10,10,0
65389,1354,9,9,0
65168,95734,16,0,16
65165,1585,4,4,0
65095,3278,2,2,0
65395,818,4,3,1
65304,3117,25,13,12
65267,2352,4,2,2
65292,1762,5,5,0
65031,1728,11,1,10
65129,1065,12,12,0
65057,1587,3,3,0
65398,1341,5,5,0
65213,1720,2,2,0
65369,1730,4,4,0
65045,61566,10,1,9
65138,3294,62,5,57
65273,1536,2,2,0
65077,2913,8,4,4
65021,2313,3,3,0
65433,2235,10,9,1
65320,2744,1,1,0
65025,97658,27,10,17
65455,1282,10,10,0
65002,1677,3,2,1
65218,1120,8,8,0
65069,1503,7,6,1
65471,2966,4,2,2
65384,2595,3,1,2
65477,1977,1,1,0
65131,1883,7,7,0
65097,2360,2,2,0
65372,1750,1,1,0
65019,1593,2,2,0
65338,2050,3,3,0
65141,1841,2,2,0
65339,1331,1,1,0
65206,1222,1,1,0
65382,1449,3,3,0
65098,212,1,1,0
65284,1131,4,4,0
65201,2235,1,1,0
65465,2806,8,1,7
65181,1333,2,2,0
65482,1204,2,2,0
65087,1329,4,4,0
65212,4210,5,0,5
65280,1770,3,3,0
65004,2168,1,1,0
65193,873,1,1,0
65410,1502,6,6,0
65072,1568,6,6,0
65329,1529,3,3,0
65252,2397,4,4,0
65005,2667,1,1,0
65452,1175,12,12,0
65322,1211,5,5,0
65326,1466,2,2,0
65401,1901,5,5,0
65313,1080,5,4,1
65223,2775,4,4,0
65022,2250,1,1,0
65436,2196,4,4,0
65462,1249,2,2,0
65445,2865,3,3,0
65011,224,2,2,0
65394,1220,3,3,0
65179,758,2,2,0
65171,3467,1,1,0
65352,7623,3,1,2
65379,2000,1,1,0
65431,1010,1,1,0
65219,2777,2,2,0
65324,837,6,6,0
65033,1814,2,2,0
65400,985,2,2,0
65041,2169,2,2,0
65386,1788,4,0,4
65334,616,2,2,0
65467,2182,2,2,0
65199,3066,7,0,7
65228,415,2,2,0
65018,2211,4,4,0
65305,2546,2,2,0
65427,3939,3,3,0
65358,1105,2,2,0
65009,9625,20,0,20
65473,2177,2,2,0
65180,4211,2,2,0
65187,2084,1,1,0
65442,1690,6,6,0
65175,1893,3,3,0
65474,800,2,2,0
65396,1273,1,1,0
65036,3225,1,1,0
65078,1635,4,4,0
65263,147,1,1,0
65444,910,2,2,0
65182,1987,5,5,0
65439,1628,4,4,0
65357,778,1,1,0
65245,1084,2,2,0
65090,1464,1,1,0
65106,2519,1,0,1
65113,1401,4,4,0
65251,1674,6,5,1
65192,5008,6,3,3
65161,1542,1,1,0
65343,1151,1,1,0
65121,1786,2,2,0
65012,634,2,2,0
65281,2204,1,1,0
65065,2183,1,1,0
65092,1716,2,2,0
65191,2415,1,1,0
65108,1971,1,1,0
65084,2063,1,1,0
65392,2653,3,3,0
65314,464,1,1,0
65291,1243,1,1,0
65456,601,1,1,0
65425,1091,4,4,0
65403,7575,4,4,0
65048,1760,2,2,0
65001,3614,3,1,2
65089,3034,1,1,0
65449,2039,2,2,0
65406,1550,2,0,2
65332,1800,2,2,0
65288,1129,1,1,0
65150,1924,2,2,0
65254,1612,3,3,0
65160,1698,2,2,0
65116,3625,1,1,0
65370,1347,3,1,2
65169,2613,3,3,0
65221,1600,1,1,0
65287,1746,7,5,2
65311,928,1,1,0
65142,1509,1,1,0
65064,2431,3,3,0
65136,1917,1,1,0
65279,1262,1,1,0
65194,130,1,1,0
65119,694,1,1,0
65156,1821,3,3,0
65210,3119,1,1,0
65139,1536,1,1,0
65446,2256,7,7,0
65120,1636,4,4,0
65464,1764,2,2,0
65054,1824,4,4,0
65094,502,1,0,1
65404,754,1,1,0
65242,1377,1,1,0
65479,2577,2,2,0
65184,750,1,1,0
65183,1089,1,1,0
65366,1672,1,1,0
65099,1417,1,1,0
65269,1113,1,1,0
65229,2667,3,3,0
65271,1240,1,1,0
65144,1580,2,2,0
65333,1903,1,1,0
65146,1652,1,1,0
65323,571,1,1,0
65356,750,1,1,0
65147,1909,1,1,0
65330,1600,1,1,0
65202,2750,1,1,0
65453,735,1,1,0
65316,662,1,1,0
65470,627,1,1,0
65351,2407,1,1,0
65176,1220,2,2,0
65307,500,1,1,0
65140,2085,1,1,0
65293,2249,2,2,0
65109,1300,2,0,2
65063,1143,1,1,0
65353,597,1,1,0
65173,2692,1,0,1
65225,1894,2,2,0
65257,4530,4,0,4
65376,1457,2,2,0
65321,1171,2,2,0
65157,508,1,1,0
65350,1071,1,1,0
65303,1675,2,2,0
65283,3423,1,1,0
65327,1225,1,1,0
65070,1979,2,2,0
65361,1500,2,2,0
65035,1983,1,1,0
65220,2773,1,1,0
65217,1053,1,1,0
65359,1047,1,1,0
66136,2630,163,40,123
66037,3699,25,8,17
66171,3766,48,16,32
66180,2531,22,16,6
66141,2521,9,9,0
66050,2461,8,7,1
66017,2978,49,4,45
66186,1489,2,2,0
66053,5312,7,0,7
66172,2047,13,5,8
66196,2978,5,4,1
66175,2148,4,3,1
66016,24170,8,1,7
66008,3518,33,17,16
66038,2700,3,2,1
66182,2736,7,6,1
66028,3520,13,9,4
66065,3041,6,5,1
66213,2769,7,7,0
66227,2494,4,4,0
66021,2629,10,10,0
66224,2833,1,1,0
66002,2511,6,5,1
66176,2672,4,4,0
66189,3359,5,4,1
66115,3041,4,4,0
66168,2728,5,5,0
66212,1859,4,3,1
66148,3143,6,4,2
66133,2668,5,5,0
66208,1806,1,0,1
66093,1992,4,4,0
66059,2258,2,1,1
66069,1963,10,10,0
66228,812,2,2,0
66015,2781,4,4,0
66214,2168,12,11,1
66210,2546,49,28,21
66125,1151,7,6,1
66051,1661,2,2,0
66003,2455,125,12,113
66230,3329,18,10,8
66149,2266,39,19,20
66124,2491,87,14,73
66164,2749,64,33,31
66161,1400,10,8,2
66049,2848,62,37,25
66150,1291,6,4,2
66181,3166,6,3,3
66066,3169,9,2,7
66194,1464,6,6,0
66160,2507,11,9,2
66084,1999,11,11,0
66011,2587,31,27,4
66071,1464,17,15,2
66144,2582,32,27,5
66058,2390,16,14,2
66130,3065,10,3,7
66026,2597,14,12,2
66094,3610,2,2,0
66219,1933,1,1,0
66025,2432,15,5,10
66020,3792,37,15,22
66190,2131,14,14,0
66114,3295,1,1,0
66140,2342,20,19,1
66107,1122,6,6,0
66108,1965,23,18,5
66004,3266,42,9,33
66023,1086,9,7,2
66173,2373,6,5,1
66225,803,1,1,0
66088,1625,38,28,10
66195,3169,51,34,17
66106,2896,29,23,6
66126,2657,9,7,2
66162,2267,4,4,0
66222,2343,34,12,22
66099,2485,5,5,0
66217,2175,11,11,0
66174,1915,10,10,0
66134,2512,9,8,1
66178,3899,13,13,0
66009,1856,31,22,9
66177,2743,7,7,0
66165,1915,4,4,0
66121,2333,8,8,0
66129,2061,11,11,0
66024,2543,39,29,10
66221,1375,2,2,0
66101,2299,8,8,0
66074,1795,2,2,0
66145,1837,14,14,0
66179,1301,10,5,5
66072,4564,9,0,9
66014,1967,17,13,4
66067,2857,11,5,6
66105,5070,1,1,0
66027,3382,12,4,8
66188,2762,7,4,3
66019,682,2,2,0
66085,5301,5,2,3
66103,3835,8,3,5
66118,970,3,3,0
66029,2520,1,1,0
66207,1659,6,6,0
66138,1994,10,7,3
66062,2759,2,2,0
66167,2063,7,3,4
66047,3651,1,1,0
66231,2531,7,7,0
66111,2072,3,3,0
66043,803,2,2,0
66013,1976,3,3,0
66056,1804,4,4,0
66132,3765,8,6,2
66096,2092,10,8,2
66075,2177,4,1,3
66033,1721,4,4,0
66187,1021,11,10,1
66082,2974,7,4,3
66052,1880,3,3,0
66089,571,1,0,1
66044,4750,2,0,2
66127,2342,3,3,0
66192,1975,4,4,0
66076,957,4,4,0
66137,2027,4,1,3
66147,2103,5,3,2
66055,2885,6,6,0
66068,1059,1,1,0
66226,2395,7,7,0
66206,1089,2,2,0
66215,3939,3,3,0
66159,1618,2,2,0
66216,482,1,1,0
66042,1614,3,3,0
66104,2041,5,5,0
66198,994,2,2,0
66193,902,3,3,0
66098,2858,3,2,1
66039,1345,1,1,0
66063,2515,5,5,0
66045,6381,4,4,0
66116,15453,2,2,0
66184,2826,1,1,0
66166,2130,3,3,0
66146,1250,2,2,0
66154,2576,5,2,3
66153,750,2,2,0
66205,1497,5,5,0
66223,1373,3,1,2
66204,1584,1,1,0
66041,1408,4,4,0
66030,2334,2,2,0
66234,970,2,2,0
66080,1125,1,1,0
66218,3810,1,1,0
66122,1650,1,1,0
66156,661,2,2,0
66199,600,1,1,0
66005,2760,3,2,1
66078,2000,1,1,0
66158,885,2,2,0
66064,1922,3,0,3
66100,3148,1,1,0
66095,3282,2,0,2
66151,2547,1,1,0
66081,2029,3,3,0
66202,3058,1,0,1
66057,1908,2,2,0
66097,266,1,1,0
66112,3060,2,2,0
66036,3236,1,1,0
66113,2222,1,1,0
66119,1226,1,1,0
66046,926,2,2,0
66128,646,1,1,0
66034,2634,1,1,0
66233,2801,2,2,0
66211,2546,3,3,0
66092,1571,1,1,0
66054,846,1,1,0
66090,2470,1,1,0
66185,3057,4,0,4
66060,10062,6,2,4
66169,1290,1,1,0
69385,6367,381,24,357
69384,13172,358,11,347
69286,4148,183,78,105
69034,6820,406,48,358
69381,10145,294,1,293
69071,4672,7,5,2
69389,10693,417,13,404
69292,4584,39,15,24
69382,6845,238,0,238
69087,5463,26,18,8
69278,4960,31,19,12
69293,4814,13,8,5
69068,6884,34,20,14
69088,4433,61,10,51
69143,5831,70,15,55
69033,4952,18,17,1
69163,4439,24,17,7
69168,4055,11,6,5
69207,4819,25,17,8
69003,4037,14,10,4
69284,4820,17,15,2
69085,3762,7,6,1
69233,5292,5,5,0
69252,2606,4,4,0
69244,9884,295,65,230
69165,3087,15,15,0
69202,4681,194,39,155
69096,6146,86,31,55
69009,5498,78,44,34
69040,4385,44,7,37
69061,4497,6,6,0
69066,1709,50,31,19
69027,6103,90,42,48
69264,3976,434,52,382
69081,9521,195,59,136
69235,3007,14,6,8
69070,2059,23,17,6
69069,5182,113,48,65
69149,5681,233,35,198
69249,5061,26,14,12
69227,4253,33,22,11
69200,3275,14,8,6
69089,6283,139,52,87
69046,4962,65,47,18
69103,2618,11,11,0
69094,4627,28,15,13
69064,2804,51,24,27
69152,3446,51,13,38
69072,5376,74,46,28
69142,3952,66,7,59
69013,3483,39,28,11
69243,5022,144,24,120
69112,4975,61,38,23
69019,3227,90,49,41
69250,5700,43,32,11
69091,3319,136,55,81
69010,3507,50,17,33
69038,2098,12,10,2
69194,11178,95,54,41
69206,3712,21,17,4
69141,6087,43,25,18
69051,3513,9,7,2
69219,3253,12,11,1
69176,4263,43,31,12
69116,8008,26,19,7
69268,6479,26,17,9
69172,2532,9,9,0
69135,1435,23,21,2
69067,1496,6,6,0
69216,2264,7,7,0
69204,4334,165,55,110
69057,3659,5,5,0
69056,4195,28,14,14
69239,1132,13,12,1
69246,3391,15,14,1
69189,3114,25,9,16
69205,5017,36,27,9
69017,4364,2,2,0
69042,2654,6,6,0
69028,4589,34,24,10
69090,3393,13,9,4
69245,3179,8,8,0
69084,2611,15,15,0
69122,14043,17,13,4
69024,3220,35,23,12
69004,4350,9,6,3
69055,2563,4,3,1
69161,923,3,3,0
69052,6736,25,16,9
69231,3404,19,13,6
69255,4642,34,25,9
69267,2331,20,14,6
69092,3408,59,33,26
69203,1925,12,10,2
69157,3093,34,30,4
69035,1136,1,1,0
69136,2851,30,22,8
69140,25446,28,15,13
69044,14514,59,31,28
69241,6794,25,19,6
69021,3690,15,9,6
69190,4199,17,13,4
69117,4000,32,29,3
69043,5032,57,34,23
69006,2784,59,22,37
69248,1870,83,49,34
69187,2325,6,6,0
69220,2180,10,6,4
69106,3921,7,5,2
69086,5349,16,6,10
69131,3809,16,13,3
69133,4961,29,16,13
69160,1702,15,15,0
69037,2404,23,8,15
69063,5416,36,16,20
69191,6467,55,45,10
69023,2569,13,11,2
69118,2968,16,11,5
69115,3231,31,15,16
69026,4550,3,3,0
69100,5991,62,25,37
69260,4442,28,19,9
69171,3844,25,7,18
69093,1851,16,14,2
69098,2558,1,1,0
69179,3706,35,31,4
69121,7067,37,19,18
69125,4275,9,8,1
69177,3750,11,8,3
69032,3426,17,16,1
69234,3250,12,11,1
69263,1594,11,11,0
69049,5273,22,15,7
69074,6092,15,13,2
69254,1735,10,10,0
69039,2862,10,10,0
69014,2646,10,10,0
69108,2569,4,4,0
69109,2653,10,10,0
69214,1866,14,12,2
69197,2990,13,13,0
69045,2860,7,6,1
69105,3175,4,3,1
69007,6975,23,12,11
69162,4692,30,24,6
69257,2826,6,4,2
69238,3478,29,16,13
69209,312,1,1,0
69058,2635,11,11,0
69127,9449,27,16,11
69060,1608,6,6,0
69030,2742,7,7,0
69145,2088,4,4,0
69047,7447,11,10,1
69076,5693,21,15,6
69228,3010,32,26,6
69201,3323,11,6,5
69124,2398,12,12,0
69159,3654,25,24,1
69018,2162,19,11,8
69156,3409,27,26,1
69132,2402,3,3,0
69225,2910,3,3,0
69077,2402,7,7,0
69139,2469,11,8,3
69217,2652,14,14,0
69022,2978,8,8,0
69119,2913,4,1,3
69110,2454,15,11,4
69104,2280,5,3,2
69212,5892,5,5,0
69240,2005,7,7,0
69050,4727,31,19,12
69183,2472,9,8,1
69111,3189,6,3,3
69173,2945,6,5,1
69155,2556,8,8,0
69182,1383,3,3,0
69175,3205,4,4,0
69031,3804,11,10,1
69083,3899,5,2,3
69154,3979,16,6,10
69102,2874,8,8,0
69097,2192,5,5,0
69062,4964,5,1,4
69107,2952,8,4,4
69208,5061,16,16,0
69126,3953,7,6,1
69137,4502,2,2,0
69178,2714,9,7,2
69020,3335,7,5,2
69120,1968,6,6,0
69265,13560,5,3,2
69002,1308,5,5,0
69229,1277,12,12,0
69065,3454,7,5,2
69012,2590,9,9,0
69078,3010,12,9,3
69174,1961,11,10,1
69080,3025,10,8,2
69113,5141,8,8,0
69148,4096,18,13,5
69095,2627,1,1,0
69184,3037,6,6,0
69215,1951,9,5,4
69196,1353,4,2,2
69167,3074,6,4,2
69242,2253,11,11,0
69099,1597,5,5,0
69151,2919,8,7,1
69166,989,1,1,0
69059,4729,10,9,1
69188,2974,6,6,0
69153,7716,2,2,0
69008,3527,8,8,0
69218,2971,6,4,2
69053,3565,7,7,0
69169,1671,8,8,0
69198,3188,5,5,0
69253,5447,2,2,0
69164,1163,1,1,0
69258,2580,3,3,0
69193,3192,4,3,1
69036,2662,2,2,0
69170,2828,5,5,0
69269,2534,4,4,0
69275,4633,139,31,108
69282,4360,109,55,54
69256,3333,146,24,122
69388,12569,403,31,372
69386,6938,204,0,204
69266,5099,738,45,693
69199,21269,402,7,395
69290,3347,184,24,160
69387,5883,454,3,451
69383,7371,499,17,482
69259,20614,247,30,217
69299,3882,8,8,0
69029,5585,141,20,121
69277,4812,37,23,14
69270,4511,10,6,4
69279,4852,15,14,1
69285,4168,9,7,2
69273,3857,41,18,23
69271,5434,42,27,15
69288,4648,22,8,14
69289,3159,13,7,6
69287,6618,29,22,7
69297,3888,16,11,5
69291,4619,26,3,23
69280,3685,6,6,0
69283,4967,33,17,16
69296,4361,14,7,7
69294,4350,15,11,4
69272,4227,9,7,2
69276,3734,44,23,21
69281,4124,6,5,1
69298,4329,10,8,2
69295,4118,5,3,2
69180,1944,2,2,0
69236,2069,3,3,0
69138,2808,2,2,0
69181,1755,5,3,2
69130,2240,2,2,0
69230,2973,2,2,0
69134,1395,1,1,0
69016,2734,3,3,0
69001,2124,3,3,0
69005,1966,3,2,1
69186,2950,1,1,0
69054,1579,1,1,0
70311,1685,45,13,32
70141,639,2,2,0
70539,1241,2,2,0
70207,1366,7,6,1
70529,1353,2,2,0
70041,614,4,4,0
70249,1583,1,1,0
70285,2055,38,18,20
70038,1252,3,2,1
70550,2680,79,10,69
70326,1258,3,1,2
70491,276,2,2,0
70436,91,2,2,0
70526,656,2,1,1
70279,2339,30,5,25
70421,1445,12,8,4
70473,1839,10,7,3
70015,546,1,1,0
70330,2639,1,1,0
70451,2123,13,6,7
70324,1199,2,1,1
70478,1048,3,3,0
70299,273,1,1,0
70255,1789,1,1,0
70177,696,5,5,0
70446,490,3,3,0
70283,810,2,1,1
70026,884,12,11,1
70037,1281,1,1,0
70388,1576,3,3,0
70074,1131,2,2,0
70454,588,1,1,0
70091,172,2,2,0
70012,191,2,2,0
70414,978,6,6,0
70313,4105,2,2,0
70204,1156,1,1,0
70122,723,11,11,0
70409,500,1,1,0
70130,1222,3,3,0
70390,821,2,2,0
70441,1283,1,1,0
70245,1481,12,8,4
70230,1430,3,3,0
70152,2065,2,2,0
70482,1436,3,2,1
70433,1557,3,2,1
70186,2354,2,2,0
70504,509,2,2,0
70042,1468,3,3,0
70226,942,1,1,0
70310,1558,30,17,13
70408,2472,7,7,0
70423,617,1,1,0
70464,1478,9,8,1
70348,11757,8,7,1
70481,99,2,1,1
70546,662,1,1,0
70003,370,1,1,0
70211,1000,1,1,0
70347,1451,4,4,0
70155,979,3,3,0
70489,2183,3,3,0
70217,2759,2,2,0
70222,1656,1,1,0
70261,2030,3,1,2
70167,1015,2,1,1
70243,490,2,2,0
70101,1179,3,3,0
70553,825,3,3,0
70248,2929,12,12,0
70035,943,1,1,0
70338,295,3,3,0
70171,911,2,2,0
70165,512,2,2,0
70233,142,1,1,0
70339,1908,8,3,5
70257,1052,3,3,0
70353,2149,2,2,0
70513,1905,7,7,0
70467,1014,22,2,20
70256,1852,2,2,0
70371,267,1,1,0
70055,1287,3,3,0
70096,1355,2,2,0
70334,1708,4,3,1
70253,1241,2,2,0
70260,1623,1,1,0
70085,1852,1,1,0
70472,817,1,1,0
70267,1312,1,1,0
70430,777,2,2,0
70399,176,1,1,0
70492,745,4,4,0
70228,1036,4,4,0
70104,1966,6,5,1
70258,1307,3,3,0
70196,1842,1,1,0
70236,1447,3,3,0
70097,1579,3,3,0
70521,1712,1,1,0
70220,1086,3,3,0
70447,2182,4,3,1
70219,1482,4,4,0
70404,662,2,2,0
70120,1601,12,10,2
70247,1269,1,1,0
70548,125,2,2,0
70164,2027,1,1,0
70079,1276,1,1,0
70486,305,1,1,0
70427,1232,2,2,0
70361,951,4,4,0
70295,975,2,2,0
70577,1027,1,1,0
70081,1667,1,1,0
70095,517,2,2,0
70428,1036,2,2,0
70405,833,1,1,0
70459,683,1,1,0
70484,1500,1,1,0
70109,1836,4,2,2
70530,694,1,1,0
70221,1111,2,2,0
70419,560,1,1,0
70406,223,3,3,0
70569,462,2,2,0
70541,410,1,1,0
70240,1011,4,4,0
70107,1733,1,1,0
70557,1087,1,1,0
70036,2677,2,2,0
70415,620,1,1,0
70376,893,3,3,0
70342,875,1,1,0
70198,1016,3,3,0
70332,373,2,2,0
70262,1433,1,1,0
70344,1485,2,2,0
70259,1523,4,1,3
70093,1024,4,4,0
70292,1244,8,7,1
70477,1232,2,2,0
70413,1566,2,2,0
70185,1715,2,2,0
70518,870,1,1,0
70242,784,1,1,0
70505,1686,1,1,0
70416,1089,1,1,0
70143,1227,2,1,1
70231,568,1,1,0
70368,356,1,1,0
70166,1260,1,1,0
70031,1247,4,4,0
70180,1265,1,1,0
70460,1753,3,1,2
70336,1358,2,2,0
70439,2026,3,3,0
70011,669,1,1,0
70435,639,4,4,0
70014,400,1,1,0
70561,986,3,3,0
70137,1062,2,2,0
70162,2211,1,1,0
70328,1788,1,1,0
70083,20,1,1,0
70250,1743,3,3,0
70357,1535,2,2,0
70080,1142,2,2,0
70111,1401,2,2,0
70127,214,1,1,0
70575,2465,6,6,0
70121,2099,3,3,0
70456,526,1,1,0
70004,1883,3,0,3
70407,3657,1,1,0
70006,2822,11,11,0
70579,1338,1,1,0
70089,765,1,1,0
70205,1012,1,1,0
70062,1651,2,2,0
70045,2241,3,1,2
70321,1762,2,2,0
70046,1061,1,1,0
70287,6318,1,1,0
70312,2436,2,2,0
70506,3226,2,2,0
70286,1862,1,1,0
70572,629,2,2,0
70182,716,1,1,0
70470,533,1,1,0
70181,1179,1,1,0
70216,2569,2,2,0
70331,1424,3,3,0
70500,864,1,1,0
70224,2299,1,1,0
70227,494,2,1,1
70176,550,2,2,0
70350,1191,3,3,0
70168,298,1,1,0
70488,107,1,1,0
70213,1205,1,1,0
70402,740,2,2,0
70453,2414,1,1,0
70264,1084,2,2,0
70277,2012,2,2,0
70487,1508,2,2,0
70284,1177,1,1,0
70197,916,4,3,1
70291,1099,4,4,0
70297,394,2,2,0
70520,751,1,1,0
70100,219,1,1,0
70280,916,2,2,0
70084,1888,1,1,0
70418,1530,1,1,0
70271,864,3,3,0
70057,1753,2,2,0
70479,3014,4,4,0
70025,455,1,1,0
70523,1120,2,2,0
70251,857,1,1,0
70442,1015,5,5,0
70269,720,1,1,0
70366,217,2,2,0
70363,10333,9,0,9
70215,1587,2,2,0
70378,1459,3,2,1
70024,2224,5,1,4
70517,1698,3,3,0
70322,2322,2,2,0
70494,1081,1,1,0
70444,940,2,2,0
70039,1610,2,2,0
70018,660,1,1,0
70254,1571,2,2,0
70373,656,3,3,0
70282,414,1,1,0
70431,2851,1,1,0
70393,668,1,1,0
70457,2307,1,1,0
70214,706,1,1,0
70272,408,1,1,0
70048,1177,2,2,0
70159,817,1,1,0
70275,1292,2,2,0
70112,1391,1,1,0
70169,650,1,1,0
70493,2500,1,1,0
70009,441,1,1,0
70437,1159,1,1,0
70017,1120,2,2,0
70102,2036,2,2,0
70320,2263,2,2,0
70094,1071,2,2,0
70206,1293,3,3,0
70193,1575,2,2,0
70190,1362,3,3,0
70498,990,2,2,0
70583,583,1,1,0
70289,800,1,1,0
70581,2018,1,1,0
70558,1061,1,1,0
70268,2084,1,1,0
70149,2250,2,2,0
70562,1314,1,1,0
70563,2426,2,2,0
70115,1018,1,1,0
70455,2068,1,1,0
70515,2407,1,1,0
70113,1455,1,1,0
71135,2273,1,1,0
71270,6880,27,5,22
71366,1235,1,1,0
71543,1153,8,3,5
71105,2507,10,6,4
71550,3667,3,3,0
71494,3246,2,2,0
71497,2285,2,2,0
71289,1962,1,1,0
71547,2510,1,1,0
71050,4637,1,1,0
71373,2380,3,3,0
71074,1369,2,1,1
71134,500,1,1,0
71250,2206,1,1,0
71316,1325,2,2,0
71090,3177,3,3,0
71032,3612,3,3,0
71030,2222,1,1,0
71470,1750,1,1,0
71267,678,1,1,0
71169,2187,5,0,5
71178,726,2,2,0
71487,3498,1,1,0
71145,2578,1,1,0
71417,1865,2,2,0
71150,791,1,1,0
71566,1514,4,2,2
71076,3425,148,21,127
71010,958,5,5,0
71390,1051,12,12,0
71181,2438,1,1,0
71064,1221,3,3,0
71306,1234,57,34,23
71499,1413,21,21,0
71040,1312,36,32,4
71486,1520,32,32,0
71522,1563,4,4,0
71558,1494,1,1,0
71118,1688,18,15,3
71047,1316,41,25,16
71479,1529,3,3,0
71059,2000,13,13,0
71263,1656,19,9,10
71157,2031,1,1,0
71106,2867,27,14,13
71570,1125,1,1,0
71509,1170,3,3,0
71154,3247,15,15,0
71137,1420,2,0,2
71355,1287,5,5,0
71120,2580,23,7,16
71342,1452,38,21,17
71282,1495,11,5,6
71014,1448,115,49,66
71584,1364,2,2,0
71388,1370,6,6,0
71291,1403,7,6,1
71567,1900,1,1,0
71158,46422,3,3,0
71371,2520,1,1,0
71024,1333,1,1,0
71200,2104,4,4,0
71346,994,9,9,0
71459,2554,2,2,0
71176,1361,52,29,23
71256,881,3,3,0
71214,906,2,2,0
71345,2746,2,2,0
71309,995,9,9,0
71132,796,11,9,2
71209,1007,4,4,0
71097,260,1,1,0
71092,1633,3,3,0
71318,1157,3,3,0
71071,538,3,3,0
71528,1191,4,4,0
71283,2519,1,1,0
71187,1267,8,8,0
71310,2004,10,7,3
71442,2995,9,4,5
71336,3685,14,9,5
71215,2492,8,8,0
71320,2393,4,3,1
71378,1158,5,3,2
71329,1096,5,4,1
71445,1871,13,9,4
71294,4111,8,6,2
71512,1612,6,5,1
71189,1321,2,2,0
71171,676,1,1,0
71398,1306,2,2,0
71262,1992,2,2,0
71269,1416,6,5,1
71204,1469,4,4,0
71456,1486,5,5,0
71274,1362,6,6,0
71109,2377,1,1,0
71221,2103,8,8,0
71475,1624,10,7,3
71426,767,3,3,0
71241,873,1,1,0
71555,1597,4,4,0
71462,513,1,1,0
71465,1044,1,1,0
71005,556,1,0,1
71477,509,2,2,0
71073,2023,9,6,3
71202,1877,6,6,0
71019,1902,1,1,0
71277,2771,2,2,0
71577,2250,2,2,0
71219,1567,4,4,0
71249,1800,2,2,0
71193,1511,1,1,0
71374,2404,2,2,0
71170,2397,5,5,0
71321,1858,1,1,0
71504,1017,1,1,0
71131,2167,5,5,0
71081,2078,6,5,1
71443,2114,2,2,0
71247,1090,1,1,0
71412,1067,1,1,0
71070,2772,3,3,0
71222,2000,2,2,0
71296,1272,3,3,0
71402,1606,1,1,0
71004,1858,7,7,0
71404,2450,5,5,0
71245,2133,2,2,0
71548,822,1,1,0
71107,921,1,1,0
71252,906,1,1,0
71253,2317,4,4,0
71159,1463,1,1,0
71501,2104,1,1,0
71444,786,1,1,0
71124,1532,1,1,0
71447,2588,2,2,0
71167,1310,3,3,0
71333,1656,4,4,0
71052,1669,1,1,0
71502,2347,1,1,0
71392,1180,1,1,0
71119,589,1,0,1
71455,1971,1,1,0
71585,3560,1,1,0
71104,1148,1,1,0
71201,800,1,1,0
71420,2176,2,2,0
71328,1800,1,1,0
71498,2031,1,1,0
71002,2518,3,3,0
71428,2313,2,2,0
71434,1506,2,1,1
71327,2135,6,6,0
71133,1369,16,7,9
71088,1031,8,8,0
71230,1002,25,21,4
71238,1055,6,6,0
71141,2272,5,5,0
71356,1186,6,6,0
71276,5690,14,14,0
71510,1294,4,4,0
71561,1448,3,3,0
71268,528,1,1,0
71433,2235,3,3,0
71340,1119,13,11,2
71179,1509,2,2,0
71148,1299,14,14,0
71041,1344,2,2,0
71339,1882,2,2,0
71218,1414,11,11,0
71334,2150,8,6,2
71542,1115,10,10,0
71437,1522,5,5,0
71323,876,2,2,0
71077,1019,2,2,0
71231,1238,5,4,1
71500,1441,2,2,0
71337,2310,1,1,0
71557,1053,4,4,0
71242,1683,7,7,0
71155,286,2,2,0
71325,1143,4,4,0
71185,1062,3,3,0
71559,1321,1,1,0
71552,1614,6,6,0
71565,2250,4,4,0
71394,961,5,5,0
71279,1915,1,1,0
71564,1341,4,2,2
71590,6875,2,2,0
71533,881,4,4,0
71127,1689,1,1,0
71358,3151,2,2,0
71588,957,1,1,0
71463,1499,4,4,0
71212,1164,9,7,2
71110,1145,3,3,0
71095,826,9,5,4
71025,1466,5,5,0
71589,1296,1,1,0
71408,2024,3,3,0
71301,1261,2,2,0
71330,858,2,2,0
71075,947,1,1,0
71490,1254,5,5,0
71361,846,1,1,0
71006,1449,2,2,0
71446,1221,5,5,0
71021,4170,3,3,0
71348,611,2,2,0
71415,2496,1,1,0
71370,1460,4,4,0
71022,1856,3,3,0
71111,1556,2,2,0
71586,2195,4,4,0
71399,2824,5,2,3
71307,1103,1,1,0
71123,1234,1,1,0
71529,1215,1,1,0
71451,1182,1,1,0
71086,782,2,2,0
71285,8308,2,2,0
71354,1104,3,3,0
71203,1435,1,1,0
71281,1342,1,1,0
71229,768,1,1,0
71524,1761,1,1,0
71554,1081,1,1,0
71553,1082,2,2,0
71275,862,2,0,2
71273,1733,1,1,0
71439,2407,2,2,0
71473,836,1,1,0
71153,1830,183,47,136
71038,1614,8,8,0
71424,473,2,2,0
71190,700,24,21,3
71009,1783,17,17,0
71184,1750,2,2,0
71239,789,12,12,0
71540,940,9,8,1
71165,729,7,7,0
71129,2991,8,8,0
71496,1509,3,3,0
71191,1184,2,2,0
71493,590,4,4,0
71531,1175,5,5,0
71192,1159,9,9,0
71183,2144,2,2,0
71149,1591,13,10,3
71162,1339,3,3,0
71237,835,9,9,0
71530,743,8,8,0
71474,1522,1,1,0
71468,1614,6,6,0
71063,1309,7,7,0
71376,565,4,4,0
71062,1402,2,2,0
71482,2036,3,3,0
71368,926,1,1,0
71413,1420,2,2,0
71020,844,2,2,0
71098,1780,6,6,0
71297,2392,7,3,4
71347,1894,2,2,0
71096,711,3,3,0
71480,1513,7,7,0
71438,970,4,4,0
71450,494,2,2,0
71188,1546,1,1,0
71227,1526,4,4,0
71431,570,2,2,0
71472,1312,4,4,0
71322,1500,1,1,0
71313,2572,5,5,0
71440,1014,3,3,0
71464,880,1,1,0
71535,1379,3,3,0
71151,554,1,1,0
71223,1405,3,3,0
71174,1246,3,3,0
71142,2092,1,1,0
71407,4135,4,4,0
71251,1573,1,1,0
71122,1245,2,2,0
71140,491,2,2,0
71349,635,1,1,0
71539,2871,1,1,0
71015,1836,2,2,0
71409,600,1,1,0
71537,426,2,2,0
71319,2896,2,0,2
71056,1357,6,6,0
71419,1463,4,4,0
71401,1275,4,4,0
71018,1084,2,2,0
71484,1375,3,3,0
71516,1296,3,3,0
71295,1190,5,5,0
71506,1614,6,4,2
71246,1879,2,2,0
71093,2117,3,3,0
71396,374,2,2,0
71044,1466,2,2,0
71177,1875,1,1,0
71379,1862,3,3,0
71079,2768,6,0,6
71489,1121,2,2,0
71410,1216,2,2,0
71351,891,3,2,1
71357,1050,1,1,0
71365,1433,1,1,0
71207,2078,2,2,0
71175,695,1,1,0
71326,949,2,2,0
72232,1582,5,5,0
72181,3305,1568,661,907
72038,2013,13,12,1
72350,1733,39,39,0
72094,1356,7,7,0
72114,1228,6,6,0
72196,1247,13,13,0
72329,2003,36,36,0
72101,2739,16,16,0
72071,1406,110,96,14
72177,1702,8,8,0
72386,3930,62,57,5
72373,4778,39,34,5
72176,1297,46,41,5
72179,1520,44,41,3
72213,2006,43,43,0
72061,1282,17,17,0
72127,1844,22,22,0
72346,1778,29,27,2
72174,919,4,4,0
72339,855,2,2,0
72075,3062,26,26,0
72153,4087,9,9,0
72051,1639,22,22,0
72058,2246,67,65,2
72024,1753,29,27,2
72008,2073,51,51,0
72021,1044,11,11,0
72019,1279,6,6,0
72305,867,6,6,0
72264,2613,100,65,35
72001,1567,5,5,0
72180,2875,74,57,17
72280,1732,24,24,0
72290,1885,31,31,0
72104,1490,8,8,0
72269,1716,50,36,14
72141,1523,12,12,0
72189,1298,50,50,0
72270,1114,4,4,0
72262,1176,34,34,0
72369,3075,15,15,0
72067,940,7,7,0
72198,2355,21,21,0
72364,1431,18,18,0
72249,3527,9,9,0
72168,1744,24,21,3
72129,1829,5,5,0
72026,1810,20,20,0
72150,1566,11,11,0
72118,1808,21,21,0
72161,3403,9,9,0
72217,1951,24,24,0
72241,1839,37,35,2
72013,1400,40,39,1
72363,1757,18,17,1
72133,2371,18,18,0
72267,1877,9,9,0
72308,2145,15,13,2
72115,1256,16,16,0
72105,1328,10,10,0
72167,2258,9,9,0
72359,2209,13,13,0
72042,1220,18,18,0
72212,1635,16,12,4
72205,1744,13,13,0
72376,1349,11,11,0
72080,1687,15,15,0
72124,1714,61,57,4
72103,1323,20,20,0
72154,2472,130,97,33
72119,1812,14,14,0
72303,1501,10,10,0
72003,1391,74,39,35
72260,2135,32,30,2
72039,1514,43,40,3
72287,1905,30,27,3
72175,2416,21,21,0
72065,2316,26,26,0
72271,1518,10,10,0
72366,912,6,6,0
72344,1792,21,21,0
72158,1700,13,13,0
72084,1578,11,10,1
72096,1368,15,15,0
72195,1719,17,14,3
72357,1342,13,13,0
72353,1317,3,3,0
72276,1508,38,38,0
72163,1065,7,7,0
72132,1998,77,50,27
72300,1621,20,20,0
72345,1816,3,3,0
72035,460,60,41,19
72143,1589,21,21,0
72113,1968,12,12,0
72139,1275,4,4,0
72160,1146,12,12,0
72219,1932,13,13,0
72253,1646,21,21,0
72333,1825,5,5,0
72062,780,5,5,0
72002,1435,2,2,0
72328,2283,25,25,0
72089,4244,24,17,7
72289,1580,15,15,0
72310,2393,18,18,0
72226,1538,12,12,0
72381,1617,11,11,0
72095,7880,83,30,53
72045,1421,7,7,0
72312,1303,3,3,0
72231,1735,72,72,0
72197,1247,6,4,2
72367,1522,13,13,0
72165,1913,28,28,0
72123,4738,6,6,0
72170,1177,5,5,0
72155,1970,19,19,0
72321,1456,11,11,0
72185,1431,17,17,0
72050,3874,40,37,3
72146,1978,24,24,0
72378,1445,16,16,0
72360,2346,3,3,0
72302,1202,2,2,0
72307,1377,5,5,0
72087,1275,7,7,0
72077,1626,12,12,0
72183,990,17,16,1
72244,1813,38,20,18
72060,853,3,3,0
72068,1799,21,17,4
72135,1243,8,6,2
72385,1630,14,14,0
72138,1680,44,38,6
72337,920,11,11,0
72336,1756,9,9,0
72320,2524,24,24,0
72016,1520,27,27,0
72191,2273,45,38,7
72278,1255,15,12,3
72201,880,2,2,0
72182,1332,19,19,0
72044,1321,3,3,0
72331,1378,7,7,0
72358,1509,14,14,0
72078,882,6,6,0
72349,1546,13,13,0
72059,2262,13,13,0
72314,1083,5,5,0
72248,1207,20,20,0
72291,1493,18,18,0
72261,1104,2,2,0
72193,796,8,8,0
72028,1177,4,4,0
72325,982,12,12,0
72052,1752,16,16,0
72215,821,10,10,0
72137,1154,35,35,0
72257,3128,7,7,0
72377,1719,8,8,0
72171,1286,2,2,0
72382,823,9,9,0
72243,1265,27,27,0
72054,2102,13,13,0
72228,1103,9,9,0
72156,2188,10,10,0
72040,1286,3,3,0
72046,1446,21,21,0
72023,1850,34,34,0
72220,2102,14,11,3
72029,1398,22,22,0
72343,978,6,6,0
72275,1861,9,9,0
72334,1151,26,19,7
72229,848,15,15,0
72230,1392,14,14,0
72009,1172,6,6,0
72031,1880,10,10,0
72122,1278,8,8,0
72090,1838,30,27,3
72194,1871,4,4,0
72006,4502,22,17,5
72187,3141,23,20,3
72315,1329,8,7,1
72211,1342,9,9,0
72256,1038,3,3,0
72370,754,7,7,0
72295,1304,13,13,0
72338,1926,8,8,0
72332,1012,8,8,0
72043,1015,7,7,0
72266,1108,10,10,0
72011,1161,7,7,0
72056,1940,10,10,0
72186,1266,6,6,0
72200,2128,24,24,0
72121,1445,6,6,0
72010,1149,6,6,0
72093,1500,15,15,0
72144,1123,12,12,0
72102,753,2,2,0
72147,1833,11,11,0
72025,2288,15,15,0
72100,2101,4,4,0
72204,1335,10,10,0
72169,2184,10,10,0
72268,1738,3,3,0
72323,1030,3,3,0
72172,1856,12,12,0
72306,1592,12,12,0
72383,969,2,2,0
72252,1502,20,20,0
72053,1975,7,7,0
72173,1621,8,8,0
72107,1842,3,3,0
72047,1558,21,21,0
72326,1047,4,4,0
72273,1354,2,2,0
72330,807,7,6,1
72109,238,1,1,0
72255,499,4,4,0
72012,741,2,2,0
72247,8273,20,11,9
72368,752,3,3,0
72020,1313,11,11,0
72048,1576,6,6,0
72223,1646,30,30,0
72073,2503,16,16,0
72294,1813,10,10,0
72282,875,5,5,0
72178,1380,1,1,0
72209,1314,2,2,0
72299,1405,23,23,0
72324,1228,15,15,0
72149,3510,14,14,0
72239,991,7,7,0
72005,1307,13,13,0
72361,996,8,8,0
72088,2454,4,4,0
72251,891,6,6,0
72157,1622,5,5,0
72134,1620,8,8,0
72341,633,1,1,0
72380,1469,7,7,0
72112,1523,3,3,0
72022,1197,9,9,0
72292,898,1,1,0
72128,1015,5,5,0
72070,1003,3,3,0
72340,1605,12,12,0
72110,1803,5,5,0
72309,2262,11,11,0
72027,1344,10,10,0
72106,1540,8,8,0
72085,809,4,4,0
72218,3114,10,10,0
72130,2015,3,3,0
72151,1547,14,14,0
72221,561,3,3,0
72036,1586,8,8,0
72192,843,6,6,0
72296,1465,11,11,0
72245,1797,6,6,0
72317,1021,5,5,0
72072,394,3,3,0
72351,1476,4,4,0
72199,1673,5,5,0
72136,1011,3,3,0
72254,2000,2,2,0
72234,970,5,5,0
72125,908,6,6,0
72152,1006,4,4,0
72208,703,3,3,0
72166,1571,5,5,0
72316,1567,5,5,0
72145,643,2,2,0
72277,1192,3,3,0
72374,355,2,2,0
72210,557,4,4,0
72111,1906,2,2,0
72049,1609,5,5,0
72222,715,5,5,0
72281,2182,7,7,0
72319,1213,2,2,0
72224,1318,9,7,2
72034,1333,1,1,0
72237,805,10,10,0
72322,1350,5,5,0
72313,1477,6,6,0
72126,1231,8,8,0
72148,1950,4,4,0
72076,1864,5,5,0
72311,1160,1,1,0
72098,888,6,6,0
72225,987,4,4,0
72235,1167,7,7,0
72007,1534,6,6,0
72184,1909,2,2,0
72293,1550,6,6,0
72099,1753,9,9,0
72297,1355,2,2,0
72037,833,3,3,0
72066,2299,2,2,0
72379,507,3,3,0
72356,745,6,6,0
72286,760,1,1,0
72272,1771,4,4,0
72362,1125,3,3,0
72250,261,1,1,0
72131,1257,6,6,0
72216,1272,3,3,0
72335,1590,7,7,0
72041,1626,15,15,0
72265,587,3,3,0
72064,1299,2,2,0
72342,2250,1,1,0
72017,1342,1,1,0
72274,670,1,1,0
72246,1950,2,2,0
72259,1104,5,5,0
72079,2957,2,2,0
72298,839,1,1,0
72202,1062,3,3,0
72375,1435,2,2,0
72032,1138,5,5,0
72327,1586,1,1,0
72355,2166,1,1,0
72347,1108,1,1,0
72015,1369,2,2,0
72091,283,4,4,0
72348,2015,1,1,0
72057,167,2,2,0
73271,3292,6,6,0
73055,5520,18,8,10
73150,6237,220,16,204
73006,4290,82,9,73
73065,5606,596,57,539
73004,22395,24,4,20
73307,3339,47,4,43
73054,4625,132,10,122
73132,10828,46,5,41
73011,2936,242,46,196
73293,2553,5,2,3
73222,6107,35,16,19
73217,3005,4,4,0
73235,3179,52,4,48
73303,2667,43,30,13
73008,5294,461,77,384
73215,2861,53,30,23
73171,2922,28,7,21
73280,3034,31,0,31
73249,4593,23,11,12
73087,4956,54,11,43
73283,2892,5,5,0
73064,5541,69,23,46
73159,3430,10,9,1
73146,3781,6,3,3
73142,4449,16,4,12
73193,3098,7,7,0
73245,2690,12,10,2
73187,2823,43,16,27
73089,2621,11,10,1
73082,2637,2,1,1
73300,5488,32,17,15
73328,5888,21,9,12
73236,2994,55,37,18
73270,4310,45,26,19
73281,4362,3,3,0
73179,3668,71,23,48
73268,1601,7,7,0
73155,4494,21,13,8
73024,4437,42,8,34
73105,2225,12,6,6
73318,2954,73,1,72
73157,2075,84,4,80
73026,2207,4,2,2
73116,3111,55,6,49
73225,3244,16,7,9
73248,2540,58,8,50
73129,1937,9,7,2
73018,2246,7,4,3
73288,3666,18,10,8
73241,13801,10,5,5
73257,7820,152,23,129
73304,15260,65,2,63
73003,4774,50,12,38
73154,2965,20,14,6
73240,3962,2,2,0
73329,4818,13,8,5
73071,9459,21,4,17
73031,3429,41,6,35
73284,7620,15,1,14
73107,3127,11,4,7
73213,4159,66,14,52
73204,2500,30,11,19
73184,5934,6,5,1
73128,4857,29,18,11
73226,2145,12,9,3
73124,5370,21,7,14
73010,4314,65,51,14
73164,3123,9,6,3
73211,4062,5,5,0
73028,2125,2,2,0
73191,3483,18,15,3
73290,3542,51,5,46
73296,53414,167,1,166
73101,1647,2,1,1
73223,2130,7,6,1
73312,5266,6,3,3
73176,13024,49,4,45
73123,6877,19,2,17
73072,2492,3,3,0
73246,2254,3,2,1
73029,3286,30,12,18
73301,5147,9,4,5
73182,5726,23,10,13
73243,3080,13,7,6
73181,1934,29,3,26
73285,4622,20,6,14
73013,2744,31,8,23
73231,2511,15,8,7
73250,1439,11,8,3
73151,3413,25,19,6
73227,35360,119,21,98
73057,15462,27,0,27
73094,8153,14,4,10
73229,3195,6,6,0
73330,2337,28,18,10
73023,3615,11,1,10
73103,4409,22,13,9
73015,16794,92,11,81
73069,2464,12,9,3
73194,2871,18,3,15
73201,4505,7,6,1
73206,8398,36,6,30
73030,7436,15,5,10
73088,4436,7,2,5
73306,6441,55,7,48
73034,5032,14,3,11
73316,2214,3,2,1
73130,2478,17,14,3
73294,1947,4,4,0
73135,2502,6,6,0
73282,3047,10,9,1
73067,2420,12,2,10
73212,7045,26,12,14
73177,2812,3,2,1
73137,10108,49,12,37
73058,3009,12,7,5
73114,6730,34,6,28
73214,2482,2,2,0
73052,1306,1,1,0
73263,4238,5,5,0
73262,5079,14,12,2
73117,827,7,0,7
73027,2695,3,3,0
73205,3039,5,5,0
73197,5402,19,6,13
73178,5113,6,4,2
73086,3403,9,6,3
73261,2336,29,10,19
73051,4669,34,11,23
73096,2996,5,4,1
73121,3672,11,4,7
73278,2697,6,5,1
73104,1524,6,6,0
73109,2002,9,9,0
73085,3024,8,4,4
73322,3128,20,0,20
73100,2471,11,11,0
73076,3180,8,8,0
73267,2688,9,2,7
73224,1529,5,2,3
73059,4108,25,18,7
73286,2210,9,5,4
73237,2697,5,5,0
73186,5436,23,7,16
73219,2152,4,1,3
73232,7441,23,8,15
73138,4211,13,7,6
73141,2989,10,10,0
73061,2909,3,3,0
73095,2619,4,3,1
73021,3283,9,9,0
73043,4098,16,13,3
73106,1752,5,4,1
73274,2296,8,6,2
73074,1852,5,5,0
73317,5171,20,4,16
73097,4057,7,6,1
73025,2237,7,7,0
73113,3444,1,1,0
73313,9,3,3,0
73233,2580,1,1,0
73242,1795,15,4,11
73147,2260,1,1,0
73161,1685,5,3,2
73050,8393,10,7,3
73183,7644,24,14,10
73032,2086,13,11,2
73180,5157,4,4,0
73207,1186,4,3,1
73048,74,1,1,0
73269,2668,5,5,0
73175,2403,3,3,0
73017,3618,8,8,0
73070,1999,7,7,0
73259,2290,4,4,0
73156,3498,7,7,0
73272,2692,1,1,0
73001,2342,1,0,1
73160,28047,25,10,15
73098,3096,9,5,4
73019,3103,20,16,4
73258,2564,1,0,1
73007,2150,10,6,4
73079,3051,5,5,0
73153,3532,8,3,5
73221,1715,4,3,1
73218,1490,4,2,2
73110,2633,6,4,2
73247,3017,12,11,1
73253,2366,6,4,2
73168,1867,2,2,0
73149,4068,4,4,0
73077,5792,4,4,0
73311,1022,1,1,0
73040,4853,4,1,3
73299,3125,1,1,0
73090,2409,4,2,2
73084,2949,6,5,1
73081,3890,7,3,4
73228,1904,3,2,1
73139,2867,3,3,0
73196,3062,11,7,4
73309,3035,3,3,0
73324,2246,1,1,0
73252,1000,1,1,0
73152,2725,1,1,0
73063,2247,5,5,0
73327,1753,6,4,2
73189,5088,4,3,1
73036,5370,7,5,2
73131,3402,3,1,2
73075,2971,5,5,0
73092,5778,1,1,0
73012,1546,3,3,0
73234,3571,3,3,0
73315,1932,5,3,2
73289,2092,3,3,0
73208,8063,17,15,2
73014,5907,4,4,0
73273,3188,5,5,0
73256,2656,1,1,0
73298,2535,5,4,1
73254,4403,4,4,0
73323,3705,6,4,2
73310,3953,5,5,0
73078,2858,2,2,0
73170,2468,6,6,0
73068,2690,3,3,0
73210,2577,2,2,0
73230,2079,2,0,2
73173,2193,6,2,4
73265,970,1,1,0
73314,1821,3,3,0
73216,1816,3,3,0
73020,2853,1,1,0
73166,232,1,1,0
73133,3667,1,1,0
73326,3873,8,5,3
73033,2386,1,1,0
73091,16717,9,9,0
73308,2138,3,3,0
73200,1527,2,2,0
73053,2566,3,3,0
73039,3224,2,2,0
73162,2021,4,4,0
73220,1469,4,4,0
73073,3570,3,3,0
73188,3546,2,2,0
73047,7039,5,2,3
73190,4423,4,2,2
73320,1656,2,2,0
73276,2000,1,1,0
73099,2516,5,2,3
73122,3444,1,1,0
73049,2917,2,2,0
73202,4085,1,1,0
73022,3129,3,3,0
73005,2561,1,1,0
73145,4091,1,1,0
73120,2030,1,1,0
73297,2898,2,2,0
73041,1111,1,0,1
73302,2861,1,1,0
74010,10034,440,28,412
74225,3294,33,7,26
74213,4979,29,5,24
74298,4130,37,6,31
74079,9873,7,3,4
74280,4220,19,5,14
74243,4468,43,2,41
74108,5466,2,2,0
74123,3327,21,10,11
74012,3808,138,7,131
74008,3586,19,1,18
74094,3914,15,10,5
74145,3156,1,1,0
74282,5262,17,13,4
74061,4788,2,0,2
74303,5218,6,3,3
74031,10578,21,8,13
74275,10946,7,3,4
74075,3193,1,1,0
74016,5797,12,5,7
74147,3646,3,2,1
74133,3572,46,4,42
74104,4168,12,8,4
74305,3915,33,4,29
74239,9041,7,0,7
74299,46117,13,6,7
74080,10075,13,3,10
74211,4515,12,10,2
74131,3186,2,2,0
74101,4323,4,4,0
74310,3838,1,1,0
74267,6839,13,8,5
74229,5602,14,12,2
74185,3806,5,2,3
74069,5055,2,1,1
74074,2703,3,3,0
74006,4675,7,2,5
74288,5424,30,9,21
74309,4348,20,4,16
74167,2772,7,4,3
74141,3016,3,2,1
74003,6069,1,1,0
74242,14628,21,10,11
74096,4282,14,6,8
74137,5152,15,4,11
74170,4205,1,1,0
74112,5164,25,11,14
74082,5284,16,5,11
74272,5394,11,7,4
74193,3496,6,2,4
74269,3094,11,5,6
74285,1560,2,2,0
74040,8639,10,5,5
74138,3624,3,3,0
74289,3684,3,3,0
74118,6072,10,3,7
74136,8882,22,3,19
74062,4088,1,1,0
74076,4211,5,4,1
74176,9217,3,1,2
74151,2079,2,2,0
74002,3690,4,4,0
74088,3857,5,2,3
74153,3440,3,1,2
74128,5697,7,5,2
74177,4314,1,1,0
74026,4735,13,2,11
74135,4229,6,1,5
74197,3434,4,0,4
74201,5058,7,5,2
74019,5430,5,0,5
74179,3660,2,2,0
74220,4006,21,5,16
74233,3293,5,3,2
74235,4155,3,3,0
74035,3265,2,2,0
74283,3395,4,4,0
74259,3067,3,3,0
74306,2100,1,1,0
74124,7097,8,6,2
74216,3568,5,0,5
74184,4714,3,3,0
74302,4526,3,0,3
74265,8146,1,1,0
74255,3822,1,1,0
74117,4261,1,1,0
74232,3326,1,0,1
74097,4130,2,2,0
74296,4324,6,3,3
74202,5062,3,1,2
74152,5320,2,2,0
74009,7408,3,3,0
74160,5142,8,2,6
74158,4175,1,1,0
74044,5401,3,2,1
74260,3500,3,3,0
74314,4452,5,1,4
74086,6357,2,0,2
74055,2796,3,2,1
74004,2931,3,3,0
74262,3916,1,0,1
74165,3224,1,0,1
74109,2860,1,1,0
74161,4150,1,1,0
74029,2307,3,2,1
74291,2986,2,1,1
74178,4066,1,1,0
74307,5285,1,1,0
74078,3637,3,2,1
74192,6426,3,1,2
74067,4966,3,0,3
74144,3298,2,1,1
74021,4676,2,2,0
74051,5044,2,1,1
74186,3337,2,2,0
74198,4783,1,0,1
74194,5299,1,1,0
74313,3755,1,0,1
74228,4949,1,1,0
74100,3648,1,1,0
74014,4955,42,5,37
74056,11952,96,23,73
74173,40053,70,6,64
74264,2544,26,8,18
74236,8361,68,12,56
74215,5517,18,0,18
74042,2981,39,5,34
74083,9531,27,9,18
74224,3743,34,6,28
74304,3688,3,1,2
74081,3231,71,10,61
74278,2987,14,3,11
74085,7174,11,3,8
74208,5029,46,11,35
74134,11536,35,8,27
74253,3822,2,2,0
74258,11440,40,4,36
74276,3446,24,8,16
74311,4020,11,3,8
74189,4251,12,5,7
74190,4079,11,2,9
74090,4158,4,2,2
74256,3205,52,5,47
74250,4792,18,7,11
74143,10562,37,7,30
74169,2716,19,3,16
74099,12569,13,3,10
74183,4757,13,8,5
74212,4208,3,2,1
74164,3455,15,4,11
74174,3075,2,2,0
74018,4331,5,4,1
74205,2251,7,2,5
74240,3860,2,2,0
74159,3032,7,4,3
74252,5848,3,1,2
74244,5665,4,2,2
74209,4486,2,2,0
74241,3586,8,2,6
74064,8804,6,3,3
74162,4668,2,2,0
74087,4696,4,4,0
74007,3745,9,6,3
74266,6900,8,3,5
74312,3110,3,2,1
74196,3203,2,2,0
74089,10644,6,1,5
74024,4491,2,2,0
74049,2958,2,2,0
74290,4213,2,2,0
74103,4722,1,1,0
74293,4366,3,2,1
74171,3929,1,0,1
74218,4156,1,1,0
74063,4652,1,0,1
74210,2245,1,1,0
74281,3567,3,1,2
74058,4543,1,0,1
74121,6058,1,1,0
74140,2118,1,0,1
74191,6674,3,0,3
74175,4500,1,1,0
74005,7683,1,1,0
74119,5490,1,1,0
74033,4478,1,1,0
74155,2216,1,0,1
74154,4035,1,0,1
74105,3729,1,0,1
74279,4169,1,0,1
76540,7304,569,67,502
76295,708,4,4,0
76192,2426,10,10,0
76451,2738,47,14,33
76464,2365,7,7,0
76575,3226,32,27,5
76594,1518,6,6,0
76165,3974,34,19,15
76319,2625,16,15,1
76108,4416,36,19,17
76599,2512,9,9,0
76429,2856,23,16,7
76402,2756,17,16,1
76217,5087,161,42,119
76005,1983,11,9,2
76125,1739,4,4,0
76728,1582,2,2,0
76475,2084,10,8,2
76410,2078,16,8,8
76116,2122,10,10,0
76545,1982,4,3,1
76212,2829,42,26,16
76322,2186,23,12,11
76498,3076,67,32,35
76640,1863,30,24,6
76618,2247,26,26,0
76366,1941,10,10,0
76624,1891,12,12,0
76209,1859,5,5,0
76681,2876,58,39,19
76462,3125,17,6,11
76460,833,1,1,0
76231,5521,62,10,52
76449,915,3,3,0
76312,1989,21,12,9
76426,1413,1,1,0
76561,1547,15,8,7
76276,2019,13,13,0
76479,626,4,4,0
76711,2695,26,11,15
76178,1846,3,3,0
76420,2174,3,3,0
76377,2320,4,4,0
76057,1965,26,25,1
76216,2289,20,9,11
76495,4377,17,9,8
76218,2484,2,2,0
76255,1986,18,11,7
76095,2451,22,10,12
76173,1891,4,4,0
76535,1907,2,2,0
76069,3558,7,4,3
76147,1596,9,9,0
76199,2371,3,3,0
76673,2112,10,10,0
76007,17192,3,3,0
76709,1959,8,8,0
76018,2018,4,4,0
76208,1971,2,2,0
76672,2026,5,5,0
76515,2114,2,2,0
76026,1957,7,6,1
76162,2139,2,2,0
76101,1384,4,4,0
76211,1590,1,1,0
76273,2776,2,2,0
76528,1714,2,2,0
76157,2030,28,13,15
76094,2448,2,2,0
76459,1248,4,4,0
76628,2200,1,1,0
76278,1382,8,6,2
76547,2794,3,3,0
76743,2301,2,2,0
76555,1528,2,2,0
76369,994,4,4,0
76591,2195,4,4,0
76349,3946,6,6,0
76265,1750,1,1,0
76419,1703,2,2,0
76484,2076,24,24,0
76359,1012,5,5,0
76617,2168,6,6,0
76060,703,1,1,0
76374,1101,8,8,0
76146,1781,10,10,0
76399,1467,1,1,0
76452,2229,3,2,1
76738,2303,2,2,0
76122,840,2,2,0
76446,4144,4,4,0
76486,1413,2,2,0
76271,1635,4,4,0
76152,1874,6,6,0
76432,1267,2,2,0
76623,684,2,2,0
76656,1585,5,5,0
76469,1318,2,2,0
76392,1723,3,3,0
76184,2037,2,2,0
76034,1520,14,13,1
76482,2217,10,10,0
76532,1379,5,5,0
76321,1784,9,9,0
76328,2316,1,1,0
76334,1083,2,2,0
76631,2601,5,5,0
76126,2281,4,4,0
76707,2196,6,6,0
76521,3438,2,2,0
76103,2477,18,11,7
76497,2234,10,8,2
76453,1965,5,5,0
76474,2360,8,7,1
76411,1033,4,4,0
76099,1793,3,3,0
76381,2553,1,1,0
76130,1916,1,1,0
76193,1781,2,2,0
76070,2371,1,1,0
76389,2370,3,3,0
76112,2009,2,2,0
76753,2321,1,1,0
76666,2351,2,2,0
76472,1645,4,4,0
76744,2261,1,1,0
76505,60,3,3,0
76395,429,1,1,0
76179,2206,8,7,1
76433,2000,1,1,0
76269,1035,3,3,0
76222,2938,8,6,2
76506,1505,1,1,0
76065,1963,2,2,0
76678,1791,5,5,0
76203,1511,3,3,0
76636,2114,2,2,0
76385,3985,9,5,4
76391,1641,4,4,0
76247,1887,3,3,0
76200,1957,2,2,0
76676,1259,4,4,0
76750,1152,2,2,0
76051,2408,9,9,0
76105,2245,1,1,0
76634,3083,2,2,0
76367,2532,3,3,0
76517,4307,5,2,3
76562,1604,4,1,3
76717,1099,3,3,0
76705,2575,6,6,0
76100,2820,3,3,0
76509,2607,2,2,0
76740,2442,1,1,0
76288,1526,3,3,0
76379,2066,2,2,0
76252,3049,1,1,0
76654,3478,4,4,0
76106,1458,1,1,0
76457,1506,2,1,1
76313,2024,3,3,0
76030,1959,2,2,0
76378,2257,5,5,0
76282,1916,4,4,0
76621,1742,4,4,0
76131,1707,2,2,0
76038,8200,4,4,0
76202,1729,2,2,0
76260,786,2,1,1
76142,2544,2,2,0
76338,1781,1,1,0
76397,1747,3,3,0
76289,2484,3,3,0
76574,1688,1,1,0
76072,1940,4,4,0
76121,1811,1,1,0
76235,1727,3,3,0
76514,2034,1,1,0
76500,2405,8,8,0
76448,2394,1,1,0
76566,1600,2,2,0
76233,1378,2,2,0
76019,2243,3,3,0
76262,2212,2,2,0
76166,2066,1,1,0
76245,2577,6,6,0
76201,2168,2,2,0
76756,2316,3,3,0
76436,1980,7,7,0
76160,2146,1,1,0
76644,2184,4,4,0
76590,4706,1,1,0
76648,1762,4,4,0
76414,3716,4,1,3
76526,1510,2,2,0
76280,520,1,1,0
76541,3327,1,1,0
76652,1743,4,4,0
76553,1938,1,1,0
76054,1000,3,3,0
76548,4713,4,4,0
76441,1343,4,4,0
76363,1520,3,3,0
76604,1379,1,1,0
76443,2247,1,1,0
76550,2174,1,1,0
76343,1812,2,2,0
76632,1904,1,1,0
76311,2659,3,3,0
76306,1810,2,2,0
76263,1638,3,3,0
76538,714,1,1,0
76243,2030,2,2,0
76287,2187,5,5,0
76583,1980,1,1,0
76558,1627,2,2,0
76598,483,1,1,0
76463,2250,2,2,0
76096,814,1,1,0
76422,1556,2,2,0
76396,1250,2,2,0
76067,1500,1,1,0
76571,2034,2,2,0
76520,1243,2,2,0
76677,3224,3,3,0
76214,1095,1,1,0
76330,2381,4,4,0
76400,2312,1,1,0
76380,2100,1,1,0
76565,1981,1,1,0
76093,1387,2,2,0
76503,1940,1,1,0
76445,2805,2,2,0
76435,1800,1,1,0
76614,3259,3,3,0
76135,1426,1,1,0
76698,1182,2,2,0
76154,753,1,1,0
76354,1940,3,3,0
76004,1378,1,1,0
76577,921,1,1,0
76570,1181,1,1,0
76536,2735,4,4,0
76364,1484,1,1,0
76580,2874,1,1,0
76163,1148,2,2,0
76261,1251,2,2,0
76229,1250,1,1,0
76133,2899,1,1,0
76350,956,1,1,0
76088,796,2,2,0
76139,690,2,2,0
76544,1613,2,2,0
76665,1429,2,2,0
76059,1451,2,2,0
76671,2446,1,1,0
76257,1134,1,1,0
76560,2526,2,0,2
76412,1647,4,4,0
76331,1670,2,2,0
76345,1765,3,3,0
76442,2292,1,1,0
76608,3985,1,1,0
76492,2455,1,1,0
76035,1835,2,2,0
76423,1416,2,2,0
76415,1045,2,2,0
76424,2984,1,1,0
76667,1327,1,1,0
76502,9167,4,4,0
76461,1732,1,1,0
76036,1819,1,1,0
76384,3218,73,51,22
76351,5771,1805,519,1286
76196,2152,22,22,0
76655,2301,56,32,24
76467,2009,9,9,0
76758,2465,108,64,44
76041,2322,11,11,0
76259,3992,261,138,123
76291,1718,8,8,0
76534,2554,3,3,0
76341,4773,79,36,43
76013,1974,22,22,0
76685,1820,15,15,0
76616,2287,7,7,0
76275,2597,14,14,0
76471,2220,10,10,0
76476,1940,74,69,5
76250,2562,8,8,0
76726,2126,9,9,0
76398,1742,9,9,0
76296,2230,28,26,2
76305,2345,29,28,1
76159,2258,38,31,7
76490,3214,13,11,2
76232,1938,5,5,0
76164,2801,38,28,10
76421,2007,7,7,0
76156,2527,3,3,0
76390,2180,17,17,0
76552,3490,52,19,33
76015,2232,14,14,0
76596,2547,18,18,0
76141,1609,15,15,0
76447,2551,119,85,34
76752,1772,18,16,2
76663,4565,16,16,0
76699,2291,10,10,0
76002,1507,11,11,0
76563,2522,22,22,0
76241,3331,1,1,0
76167,2365,14,14,0
76336,1959,5,5,0
76613,1766,8,8,0
76114,2169,124,86,38
76158,1176,3,3,0
76198,2072,4,4,0
76270,3104,16,16,0
76128,1626,8,8,0
76708,2540,3,3,0
76587,2297,4,4,0
76684,2281,15,15,0
76115,1447,5,5,0
76660,2575,12,12,0
76254,3289,25,21,4
76693,2113,8,8,0
76736,2313,14,11,3
76522,5920,17,13,4
76751,1825,10,10,0
76595,2594,30,29,1
76386,1980,4,4,0
76407,850,1,1,0
76647,3406,41,28,13
76281,1921,19,19,0
76418,2219,12,12,0
76481,4710,48,48,0
76533,2108,16,16,0
76014,2173,10,10,0
76272,1816,3,3,0
76718,2137,16,16,0
76725,1940,6,6,0
76388,2112,12,12,0
76382,2120,7,7,0
76719,2421,6,6,0
76009,1372,4,4,0
76264,1763,3,3,0
76143,2184,9,9,0
76240,2255,8,8,0
76169,1474,7,7,0
76559,1418,3,3,0
76556,1893,10,8,2
76303,2037,8,8,0
76473,2274,5,5,0
76650,2630,11,11,0
76238,2207,10,10,0
76518,1795,7,7,0
76206,3599,6,6,0
76670,2154,8,8,0
76597,1288,7,7,0
76510,4091,10,10,0
76468,2040,10,10,0
76023,1491,8,8,0
76439,1794,5,5,0
76689,2034,6,6,0
76082,2598,6,6,0
76329,2163,28,20,8
76017,4584,10,10,0
76339,1454,3,3,0
76585,916,5,5,0
76258,1792,40,34,6
76016,2178,3,3,0
76279,1623,5,5,0
76600,2079,31,15,16
76090,1936,19,19,0
76686,2524,7,7,0
76653,1709,3,3,0
76022,1854,5,5,0
76253,2120,3,3,0
76401,1960,35,35,0
76714,2021,11,11,0
76348,2457,7,7,0
76542,1036,4,4,0
76627,1814,12,12,0
76757,2423,6,6,0
76576,1830,10,10,0
76488,1976,3,3,0
76664,2254,9,9,0
76219,1918,29,28,1
76129,857,2,2,0
76470,1772,8,8,0
76079,4353,5,5,0
76637,2132,9,9,0
76140,558,1,1,0
76001,1957,10,10,0
76370,2295,2,2,0
76557,1669,13,13,0
76299,1477,4,4,0
76755,1687,8,8,0
76302,2203,22,20,2
76368,2995,9,9,0
76307,2251,7,5,2
76076,1772,2,2,0
76228,1312,2,2,0
76340,1740,4,4,0
76543,4646,18,18,0
76183,2648,6,6,0
76346,1091,2,2,0
76702,1858,11,11,0
76524,1882,4,4,0
76586,2228,6,6,0
76646,2426,6,6,0
76176,3716,4,4,0
76564,1968,6,6,0
76118,1862,6,6,0
76695,2227,2,2,0
76622,491,1,1,0
76355,1928,10,10,0
76221,2129,6,6,0
76683,3942,8,8,0
76293,4117,5,5,0
76357,2791,7,7,0
76043,1698,8,8,0
76309,1920,4,4,0
76110,2050,3,3,0
76732,1776,4,4,0
76669,2415,2,2,0
76746,1937,4,4,0
76213,1868,9,9,0
76251,1548,7,7,0
76361,3015,10,10,0
76117,2150,9,9,0
76494,2258,14,14,0
76365,2227,5,5,0
76657,1605,5,5,0
76668,2143,2,2,0
76294,2971,6,6,0
76610,2084,4,4,0
76134,2321,8,8,0
76615,2321,5,5,0
76225,1782,7,7,0
76195,2171,1,1,0
76737,1810,8,8,0
76499,1629,6,6,0
76315,1731,9,9,0
76706,2591,6,6,0
76716,2079,8,8,0
76748,18679,17,17,0
76754,2808,13,13,0
76735,3470,8,3,5
76239,2522,14,14,0
76224,4262,10,10,0
76593,1696,8,8,0
76658,1957,13,13,0
76187,1660,3,3,0
76298,2213,8,8,0
76190,5417,6,6,0
76493,2730,5,5,0
76194,2451,8,8,0
76068,1699,3,3,0
76055,1792,6,6,0
76408,2389,12,12,0
76626,2096,11,11,0
76609,2515,6,6,0
76477,2496,4,4,0
76603,2100,2,2,0
76491,1048,5,5,0
76318,2275,7,7,0
76300,2447,7,7,0
76692,2727,2,2,0
76033,3340,8,8,0
76151,2133,2,2,0
76715,1962,10,10,0
76387,1653,5,5,0
76077,1709,3,3,0
76530,1614,2,2,0
76304,1631,3,3,0
76456,1888,10,9,1
76712,1910,7,7,0
76342,1762,5,5,0
76227,1231,3,3,0
76189,2109,4,4,0
76508,2250,6,6,0
76006,2940,5,5,0
76727,2025,9,9,0
76012,2345,5,5,0
76680,1128,2,2,0
76641,1425,1,1,0
76642,1267,3,3,0
76480,2247,4,4,0
76087,2414,12,12,0
76741,1348,3,3,0
76409,2232,2,2,0
76734,2469,2,2,0
76325,2018,2,2,0
76353,933,2,2,0
76611,8965,16,16,0
76406,2543,3,1,2
76688,1738,4,4,0
76181,2616,2,2,0
76182,1571,6,6,0
76092,2215,10,10,0
76317,2117,4,4,0
76568,2302,9,9,0
76172,2645,3,3,0
76730,2833,1,1,0
76489,2141,4,4,0
76651,2140,4,4,0
76592,2053,5,5,0
76104,2131,1,1,0
76174,2802,6,6,0
76551,3280,3,3,0
76404,2790,12,12,0
76064,2084,4,4,0
76504,2911,7,7,0
76483,1804,2,2,0
76747,2959,4,4,0
76010,1313,3,3,0
76501,1836,4,4,0
76011,1777,2,2,0
76040,1962,2,2,0
76021,1804,9,9,0
76032,3719,2,2,0
76314,2030,1,1,0
76144,2000,2,2,0
76180,2668,4,4,0
76045,2530,2,2,0
76132,1622,1,1,0
76084,1858,2,2,0
76236,2418,2,2,0
76428,1646,2,2,0
76268,1600,2,2,0
77053,4495,176,68,108
77186,8272,173,46,127
77152,3370,136,61,75
77296,3258,117,31,86
77407,5154,191,110,81
77495,4235,53,45,8
77122,4067,186,106,80
77034,3902,4,4,0
77288,4945,355,45,310
77251,8615,108,48,60
77285,3084,153,49,104
77350,6158,173,75,98
77103,1450,4,0,4
77528,3334,16,16,0
77470,3713,57,33,24
77445,2977,163,81,82
77453,3192,12,12,0
77373,4325,260,128,132
77039,4079,16,16,0
77217,3775,35,23,12
77249,3796,69,65,4
77409,2431,19,19,0
77394,3326,16,15,1
77006,4556,12,10,2
77037,6591,62,52,10
77441,4277,23,21,2
77065,3560,17,17,0
77431,2946,49,44,5
77447,3712,13,9,4
77014,3316,135,27,108
77096,5932,17,15,2
77463,3878,36,30,6
77374,3829,27,22,5
77450,4154,23,20,3
77384,4314,26,23,3
77333,2862,89,54,35
77305,7574,196,47,149
77389,3017,26,10,16
77040,9596,22,20,2
77175,3426,21,20,1
77465,2667,9,8,1
77168,1986,20,19,1
77339,3419,31,28,3
77255,2484,29,20,9
77215,4651,63,42,21
77222,3177,47,36,11
77390,4038,121,57,64
77480,2318,9,9,0
77067,3114,58,43,15
77185,3563,5,5,0
77458,3374,51,36,15
77326,3133,46,29,17
77099,2195,22,20,2
77316,3144,154,124,30
77340,3314,13,13,0
77191,3176,8,7,1
77211,2358,15,15,0
77216,17288,33,24,9
77079,2766,46,32,14
77254,6642,17,11,6
77317,3542,30,22,8
77489,1972,7,7,0
77107,4711,50,29,21
77485,3118,19,19,0
77100,3346,38,28,10
77377,3514,21,17,4
77353,2346,5,5,0
77114,3791,37,26,11
77482,2182,19,16,3
77210,2346,21,21,0
77494,2506,22,21,1
77506,1498,2,2,0
77061,4805,19,12,7
77261,2417,21,19,2
77293,2763,30,27,3
77202,3235,7,7,0
77504,2168,21,21,0
77487,3796,66,43,23
77352,3087,13,12,1
77378,6870,53,30,23
77338,1570,7,7,0
77312,6449,37,35,2
77267,2328,5,5,0
77252,2557,3,3,0
77501,2657,8,8,0
77419,5728,41,29,12
77348,1999,8,8,0
77045,2379,14,14,0
77027,1999,17,16,1
77395,4018,5,5,0
77082,3255,9,8,1
77038,4439,9,9,0
77386,3941,12,12,0
77534,2550,11,11,0
77226,3972,27,21,6
77156,2705,13,13,0
77329,3313,3,3,0
77016,1992,16,16,0
77145,2578,5,5,0
77069,2533,14,14,0
77048,5499,39,37,2
77500,2580,6,6,0
77455,2956,18,14,4
77381,1658,3,3,0
77161,2527,10,10,0
77179,2170,1,1,0
77533,5332,26,20,6
77011,1942,7,7,0
77244,2436,5,5,0
77180,4804,5,5,0
77010,6332,13,9,4
77269,2896,15,14,1
77127,5432,27,6,21
77003,2499,2,2,0
77104,2338,6,5,1
77207,1167,1,1,0
77165,2553,5,5,0
77359,5081,24,16,8
77195,3426,6,6,0
77520,2581,5,5,0
77060,3305,17,17,0
77007,2596,3,3,0
77412,4683,4,4,0
77266,2922,6,6,0
77086,3238,13,11,2
77471,4348,6,4,2
77088,2557,34,31,3
77081,2553,6,5,1
77035,1805,12,12,0
77439,2486,9,9,0
77531,2068,24,24,0
77138,3025,10,10,0
77220,2378,4,4,0
77177,3440,11,10,1
77004,3273,5,4,1
77119,2571,2,2,0
77184,2252,11,11,0
77302,2625,14,13,1
77001,3111,7,7,0
77054,1921,6,6,0
77178,1911,8,6,2
77022,5456,29,26,3
77279,2089,13,12,1
77044,2164,11,10,1
77442,3920,12,10,2
77473,2193,5,5,0
77297,1415,3,3,0
77110,1628,4,4,0
77370,2299,9,9,0
77164,2677,4,4,0
77050,1712,5,5,0
77328,5439,10,10,0
77172,2068,5,5,0
77387,1966,10,10,0
77477,2494,10,9,1
77426,3290,4,4,0
77194,2660,1,1,0
77071,1756,7,7,0
77115,2868,5,5,0
77493,2412,7,7,0
77188,3747,11,9,2
77435,10284,7,7,0
77425,5775,8,8,0
77457,3420,13,11,2
77245,1951,6,6,0
77410,3209,3,3,0
77133,2071,6,6,0
77052,2969,4,4,0
77428,2766,5,5,0
77516,1973,5,5,0
77198,2168,2,2,0
77046,1710,3,3,0
77354,2903,5,5,0
77158,2111,1,1,0
77313,612,2,2,0
77029,2806,1,1,0
77136,2327,1,1,0
77253,4652,3,3,0
77200,1786,1,1,0
77295,3651,1,1,0
77284,3763,391,84,307
77464,5288,110,57,53
77243,7358,215,77,138
77449,5241,73,15,58
77330,3565,61,40,21
77513,3500,49,28,21
77131,3850,174,67,107
77307,4712,164,35,129
77155,4343,39,31,8
77315,4641,43,31,12
77237,5115,10,10,0
77108,7899,382,143,239
77058,5230,246,67,179
77474,5929,30,30,0
77468,5617,164,68,96
77413,4315,29,27,2
77335,3373,18,16,2
77241,2994,14,9,5
77153,3477,110,63,47
77121,4315,26,17,9
77420,3707,33,25,8
77233,2298,7,5,2
77292,3516,9,8,1
77309,2696,15,13,2
77118,4763,122,63,59
77259,3662,26,17,9
77139,9215,56,38,18
77294,3823,117,78,39
77479,4971,94,38,56
77083,4190,158,62,96
77258,3747,77,5,72
77240,1965,28,27,1
77349,3561,53,45,8
77276,3227,33,29,4
77111,4883,80,28,52
77171,4019,78,59,19
77490,2299,3,3,0
77421,2991,8,8,0
77101,2107,5,5,0
77327,2354,54,38,16
77347,2557,13,11,2
77015,1750,1,1,0
77343,3118,7,7,0
77182,2716,53,30,23
77514,6677,240,96,144
77509,4047,18,18,0
77355,2115,3,3,0
77363,3294,17,12,5
77360,3723,7,7,0
77209,4708,10,10,0
77169,3783,57,15,42
77508,4570,10,9,1
77192,3846,52,28,24
77320,2815,53,50,3
77018,11177,61,35,26
77085,4100,32,16,16
77379,3277,115,38,77
77183,4634,122,63,59
77510,4369,15,8,7
77529,2696,16,16,0
77231,3133,5,5,0
77382,3553,54,42,12
77142,7661,51,24,27
77132,3555,29,23,6
77405,2217,23,23,0
77201,2534,4,3,1
77095,3323,14,12,2
77238,2798,55,46,9
77483,2553,21,15,6
77376,3398,11,10,1
77147,2091,10,10,0
77181,4368,40,14,26
77437,2945,27,25,2
77344,3337,20,20,0
77203,9140,13,12,1
77078,2534,20,20,0
77076,1689,6,6,0
77371,2570,35,32,3
77193,1769,5,5,0
77336,3597,9,7,2
77063,3552,14,14,0
77519,2019,18,14,4
77400,3058,28,28,0
77404,2125,15,14,1
77337,3499,69,16,53
77199,3335,23,20,3
77227,1591,9,9,0
77268,4616,92,47,45
77042,2685,36,29,7
77459,1867,13,13,0
77319,1608,2,2,0
77094,3751,3,1,2
77331,1654,6,5,1
77117,1185,14,12,2
77098,1622,2,2,0
77223,2741,3,3,0
77214,3935,8,8,0
77429,1634,10,10,0
77521,3656,25,25,0
77393,3478,22,17,5
77496,2012,2,2,0
77475,4335,50,35,15
77398,1651,12,12,0
77332,2872,2,2,0
77126,2446,15,15,0
77057,2063,10,10,0
77257,2419,22,13,9
77089,2247,8,8,0
77154,3906,16,14,2
77401,2106,15,15,0
77270,3797,10,10,0
77221,46789,18,6,12
77159,1915,25,24,1
77358,39025,41,4,37
77174,1916,7,7,0
77176,3017,34,31,3
77051,1856,22,13,9
77219,6041,44,40,4
77451,2431,9,7,2
77430,2855,64,62,2
77311,1877,9,7,2
77322,3579,24,18,6
77406,1990,7,7,0
77438,3568,45,24,21
77415,1964,10,10,0
77043,5122,8,6,2
77260,2722,8,8,0
77236,1694,5,5,0
77434,2893,12,12,0
77418,10796,13,13,0
77277,3018,26,23,3
77075,5393,15,13,2
77141,3674,11,9,2
77469,8516,26,17,9
77019,2188,6,6,0
77372,3996,42,28,14
77135,2246,15,15,0
77055,7555,47,9,38
77433,4516,29,28,1
77062,4061,4,2,2
77167,1947,6,6,0
77143,3391,31,23,8
77196,3507,6,5,1
77239,2205,20,17,3
77414,1928,6,6,0
77208,3125,12,9,3
77073,2061,6,6,0
77456,1950,13,13,0
77049,2970,10,10,0
77116,3213,21,13,8
77047,3345,16,15,1
77234,4329,10,10,0
77125,3661,14,13,1
77323,3604,9,5,4
77262,1940,4,4,0
77392,3387,5,5,0
77023,3444,6,6,0
77077,3551,7,6,1
77084,4063,17,13,4
77416,2283,3,3,0
77030,1695,6,6,0
77229,3642,12,8,4
77272,1833,6,6,0
77385,7251,25,21,4
77408,3736,4,4,0
77235,2854,5,5,0
77366,2715,3,3,0
77527,3067,9,7,2
77106,1972,8,8,0
77278,3881,1,1,0
77129,2143,8,8,0
77031,2876,4,4,0
77318,2750,17,15,2
77109,1490,14,12,2
77467,1212,1,1,0
77137,1745,5,5,0
77515,3155,6,6,0
77008,2668,3,3,0
77128,4284,27,27,0
77280,2400,6,6,0
77212,6979,5,5,0
77444,1955,2,2,0
77368,1992,4,4,0
77345,1616,11,11,0
77365,2281,6,6,0
77025,2020,11,11,0
77446,2117,6,6,0
77148,2190,13,10,3
77093,3439,8,8,0
77283,2241,10,10,0
77522,2073,2,2,0
77523,1805,3,3,0
77478,2896,17,14,3
77162,2058,10,10,0
77308,3597,8,8,0
77511,3208,10,6,4
77432,1870,10,10,0
77512,2331,18,18,0
77273,3476,12,12,0
77298,2775,4,4,0
77403,2142,3,3,0
77341,1557,4,4,0
77113,2659,5,5,0
77397,2589,23,22,1
77300,2323,9,9,0
77507,1752,5,5,0
77466,6748,7,7,0
77517,5077,18,17,1
77287,1460,8,8,0
77369,2644,7,7,0
77091,3854,1,1,0
77228,1517,3,3,0
77301,602,4,4,0
77012,1466,2,2,0
77124,4002,11,10,1
77163,2997,2,1,1
77530,1764,2,2,0
77325,1188,3,3,0
77066,2204,3,3,0
77367,2317,2,2,0
77321,1429,4,3,1
77361,3001,5,5,0
77505,3144,3,3,0
77013,1932,3,3,0
77448,2500,9,7,2
77472,4421,10,9,1
77486,2213,6,6,0
77146,4233,10,10,0
77526,3198,2,2,0
77173,2253,4,3,1
77440,2670,9,9,0
77250,1988,2,2,0
77072,1249,2,2,0
77411,1875,6,6,0
77492,1686,2,2,0
77070,1850,6,6,0
77032,1986,5,5,0
77289,2000,1,1,0
77357,3263,5,5,0
77460,693,1,0,1
77144,2149,7,7,0
77364,1432,2,2,0
77525,3307,4,4,0
77005,3414,27,18,9
77388,2329,12,12,0
77436,2558,14,14,0
77291,4644,5,5,0
77002,6513,13,13,0
77150,3229,4,4,0
77026,1523,2,2,0
77123,3248,3,3,0
77218,2020,1,1,0
77303,1253,1,1,0
77310,1161,2,2,0
77274,2305,6,4,2
77206,2604,2,2,0
77247,2399,5,5,0
77157,1586,7,7,0
77264,2368,9,9,0
77087,2031,1,1,0
77286,2179,1,1,0
77134,1699,3,3,0
77454,1769,4,4,0
77248,4121,9,9,0
77423,2182,5,5,0
77187,2521,10,10,0
77391,1680,2,2,0
77020,2359,12,12,0
77314,2449,4,4,0
77080,2161,4,4,0
77090,2025,3,3,0
77290,1572,13,13,0
77356,1911,3,3,0
77443,2709,6,6,0
77265,2114,12,9,3
77424,3342,3,3,0
77197,2344,1,1,0
77380,2142,6,6,0
77402,1738,4,4,0
77130,2557,2,2,0
77224,7256,5,5,0
77242,2348,5,5,0
77059,3439,1,1,0
77498,3675,2,2,0
77383,2211,4,4,0
77281,2304,3,3,0
77120,2586,1,1,0
77232,2476,6,6,0
77205,2449,1,1,0
77033,1449,1,1,0
77461,1688,1,1,0
77190,1556,2,2,0
77476,2109,4,4,0
77151,1667,5,5,0
77484,3222,1,1,0
77225,228,1,1,0
77024,2313,3,3,0
77524,3937,3,3,0
77275,2855,2,2,0
77140,1500,1,1,0
77263,2930,1,1,0
77036,2486,2,2,0
77481,1645,1,1,0
78354,2941,25,21,4
78133,6631,47,18,29
78517,5234,177,57,120
78107,2736,23,23,0
78029,2933,65,25,40
78646,9150,532,54,478
78208,3133,152,46,106
78220,4022,49,28,21
78551,10914,314,51,263
78642,5991,89,40,49
78621,3522,146,25,121
78650,12391,117,52,65
78334,5196,14,14,0
78686,23576,158,26,132
78146,9144,223,61,162
78049,5576,21,20,1
78586,6330,312,98,214
78321,4536,34,25,9
78490,3396,194,61,133
78444,3261,3,3,0
78108,5333,16,15,1
78640,5092,107,21,86
78005,4159,96,34,62
78481,5373,90,28,62
78297,5977,124,28,96
78688,4949,47,22,25
78498,22178,262,39,223
78423,4195,182,56,126
78217,12784,57,43,14
78372,5357,99,13,86
78616,4196,4,4,0
78545,4885,154,17,137
78073,4177,120,38,82
78172,4610,263,138,125
78092,7043,85,20,65
78418,5898,96,42,54
78396,5671,37,14,23
78311,22659,259,102,157
78165,3764,102,43,59
78158,43196,205,46,159
78327,2761,46,20,26
78502,4324,31,3,28
78285,2968,7,6,1
78126,6113,108,30,78
78350,8321,53,13,40
78206,3278,30,23,7
78624,4904,107,64,43
78383,3312,135,57,78
78320,5084,12,3,9
78451,2619,9,9,0
78440,7852,131,51,80
78401,3171,99,30,69
78362,3397,119,68,51
78361,19775,227,47,180
78402,3509,23,19,4
78120,4070,14,13,1
78089,3131,28,12,16
78531,2885,45,34,11
78140,3484,10,10,0
78530,1376,3,3,0
78672,5483,46,26,20
78062,3683,47,28,19
78367,6211,25,14,11
78123,11270,121,30,91
78615,4453,4,3,1
78124,7323,91,32,59
78380,3411,52,39,13
78262,4989,9,8,1
78466,4439,54,45,9
78344,1665,3,3,0
78076,5186,15,12,3
78431,4619,31,30,1
78152,5670,15,13,2
78189,3972,14,13,1
78346,6049,31,31,0
78497,3822,10,10,0
78031,6669,6,6,0
78267,3345,53,45,8
78015,5203,103,35,68
78420,4599,32,18,14
78571,4989,37,31,6
78289,6392,19,16,3
78310,3480,31,13,18
78506,2817,17,17,0
78117,5403,35,11,24
78138,3181,40,25,15
78668,3190,3,3,0
78605,3484,23,23,0
78043,4511,26,9,17
78382,4252,19,15,4
78655,2975,3,3,0
78358,7570,211,61,150
78398,9572,13,13,0
78224,5818,31,20,11
78442,3503,21,7,14
78185,2189,5,5,0
78125,4091,6,6,0
78522,3651,7,5,2
78647,4686,12,12,0
78209,2714,10,10,0
78674,4216,63,46,17
78384,4311,10,9,1
78337,2300,18,17,1
78389,5627,13,13,0
78410,2476,11,11,0
78537,3129,37,30,7
78464,3577,4,4,0
78192,2583,5,5,0
78071,1970,3,3,0
78087,3097,10,10,0
78281,3079,9,8,1
78683,4282,10,10,0
78242,3715,60,17,43
78501,2852,17,17,0
78160,5200,19,12,7
78030,3725,15,14,1
78290,3092,4,3,1
78335,5152,105,61,44
78513,4114,23,14,9
78265,3320,26,26,0
78118,3062,13,12,1
78618,2599,4,4,0
78486,3751,47,35,12
78263,16992,25,19,6
78455,5688,30,20,10
78299,3966,24,22,2
78356,4449,42,31,11
78465,3563,19,18,1
78329,2620,14,14,0
78470,2626,7,6,1
78601,2025,8,7,1
78643,4125,45,41,4
78567,2746,11,7,4
78193,5103,11,10,1
78403,3600,18,11,7
78246,2674,10,10,0
78314,2984,16,14,2
78190,8527,66,34,32
78255,2564,22,17,5
78417,1890,2,2,0
78443,5521,8,8,0
78104,6056,8,8,0
78048,3898,15,15,0
78638,4542,42,38,4
78474,3232,28,27,1
78575,6380,51,39,12
78364,3565,5,5,0
78324,2999,2,1,1
78322,8282,36,18,18
78143,5675,12,12,0
78557,3434,5,4,1
78269,4650,10,9,1
78516,3146,8,8,0
78404,2916,3,3,0
78591,2701,27,24,3
78261,3488,5,5,0
78576,4363,17,14,3
78296,1984,4,4,0
78006,3450,9,9,0
78003,2364,16,14,2
78460,3255,8,8,0
78302,7342,4,4,0
78164,7084,10,10,0
78472,2143,2,2,0
78397,4180,40,32,8
78233,4352,14,12,2
78349,3433,8,8,0
78276,2319,8,8,0
78188,2482,6,6,0
78291,2982,14,14,0
78168,24610,40,37,3
78007,5025,3,3,0
78034,4301,7,7,0
78096,3496,14,13,1
78325,3371,7,7,0
78227,4123,10,6,4
78072,3455,2,2,0
78590,4380,10,10,0
78009,1652,1,1,0
78090,3705,20,15,5
78239,3440,14,10,4
78368,4897,15,15,0
78562,4247,25,24,1
78564,2045,9,9,0
78609,3488,6,6,0
78588,3586,5,5,0
78196,17554,3,3,0
78520,9859,22,22,0
78057,1971,13,13,0
78381,3857,7,3,4
78033,3759,9,9,0
78366,3425,2,2,0
78307,3342,4,4,0
78238,3927,9,5,4
78202,2385,8,8,0
78644,72202,19,4,15
78565,3257,5,5,0
78053,2650,1,1,0
78278,2860,5,5,0
78317,3205,8,8,0
78283,2033,6,6,0
78413,1838,2,2,0
78171,3204,13,11,2
78681,3682,7,7,0
78569,2454,6,6,0
78484,2951,3,3,0
78128,12842,10,5,5
78558,2993,3,3,0
78082,2127,5,5,0
78013,4219,6,6,0
78010,4097,9,9,0
78020,4047,15,15,0
78406,2417,2,2,0
78623,4167,6,5,1
78550,4256,9,9,0
78677,2208,2,2,0
78505,2451,3,3,0
78077,2317,7,7,0
78050,4869,5,5,0
78343,6300,8,8,0
78113,3111,10,10,0
78230,2286,1,1,0
78236,3551,4,4,0
78162,4156,1,1,0
78499,3203,3,3,0
78559,2718,8,8,0
78391,2933,7,7,0
78147,2232,4,4,0
78536,2125,1,0,1
78036,2793,1,1,0
78300,3456,2,2,0
78163,7210,8,4,4
78070,1933,1,0,1
78620,5040,1,1,0
78475,5160,1,1,0
78084,3254,5,4,1
78597,2056,1,1,0
78548,6776,3,3,0
78068,11778,7,7,0
78415,8573,7,7,0
78305,4480,3,3,0
78437,2593,1,1,0
79145,988,4,4,0
79239,1747,12,12,0
79246,1074,6,6,0
79109,1730,27,27,0
79191,4507,582,284,298
79225,1554,10,10,0
79217,1135,3,3,0
79270,1410,36,26,10
79001,2440,13,8,5
79242,1450,11,11,0
79049,3520,109,75,34
79013,1131,28,27,1
79119,1314,17,17,0
79202,3044,100,85,15
79329,1005,92,83,9
79015,924,5,5,0
79029,775,5,5,0
79203,644,7,7,0
79174,1103,33,33,0
79160,954,1,1,0
79349,770,1,1,0
79307,1301,18,18,0
79123,881,12,12,0
79150,882,8,8,0
79083,1225,33,27,6
79295,837,4,4,0
79129,1360,10,10,0
79162,1877,9,9,0
79351,1318,7,7,0
79063,1040,12,12,0
79061,1292,15,15,0
79080,1297,14,14,0
79059,468,5,5,0
79147,854,13,13,0
79184,1103,13,11,2
79196,1479,18,18,0
79025,1572,13,13,0
79179,1256,28,28,0
79125,1907,3,3,0
79236,1093,5,5,0
79170,2037,17,17,0
79031,1513,10,10,0
79201,891,11,11,0
79062,1496,15,15,0
79148,1042,17,13,4
79081,1916,38,32,6
79076,939,13,13,0
79048,1950,15,15,0
79157,1319,2,2,0
79050,1058,4,4,0
79038,1236,17,17,0
79024,1751,11,11,0
79047,861,4,4,0
79064,1120,12,12,0
79020,957,8,8,0
79255,1499,6,6,0
79339,973,13,13,0
79215,906,8,8,0
79208,1232,5,5,0
79088,1019,7,7,0
79069,1669,5,5,0
79334,1463,8,8,0
79189,1450,9,9,0
79299,1191,20,20,0
79284,1007,6,6,0
79077,1005,1,1,0
79131,369,1,1,0
79326,2732,11,11,0
79130,1183,12,12,0
79357,960,1,1,0
79311,1068,14,14,0
79200,6160,3,3,0
79316,1140,3,3,0
79034,2535,12,12,0
79094,1043,7,7,0
79057,1311,5,5,0
79190,894,10,10,0
79267,934,5,5,0
79154,839,4,4,0
79115,420,4,4,0
79229,1283,5,5,0
79183,1316,1,1,0
79303,1252,5,5,0
79071,1241,2,2,0
79114,1346,4,4,0
79216,1605,12,12,0
79101,1839,24,20,4
79185,1607,21,21,0
79010,1664,9,9,0
79177,1425,3,3,0
79079,1690,29,29,0
79210,885,2,2,0
79003,2428,17,17,0
79352,938,1,1,0
79308,1667,1,1,0
79156,1049,2,2,0
79086,1700,5,5,0
79337,1555,6,6,0
79289,1647,4,4,0
79066,1041,12,12,0
79298,1620,10,10,0
79269,1057,5,5,0
79302,1044,6,6,0
79286,1015,11,11,0
79249,1879,10,10,0
79198,980,5,5,0
79106,441,1,1,0
79136,750,1,1,0
79163,1060,7,7,0
79122,1081,4,4,0
79175,623,5,5,0
79137,2574,3,3,0
79120,1920,10,10,0
79277,1283,5,5,0
79285,1028,15,15,0
79092,833,3,3,0
79268,930,4,4,0
79347,1166,5,5,0
79309,1241,6,6,0
79058,1379,4,4,0
79102,651,4,4,0
79005,722,15,15,0
79230,758,6,6,0
79166,1520,5,5,0
79140,1681,5,5,0
79012,1527,6,6,0
79355,2563,12,11,1
79124,1145,11,9,2
79153,731,2,2,0
79231,1130,11,11,0
79213,1610,17,17,0
79322,1821,11,11,0
79007,693,7,7,0
79342,905,4,4,0
79207,1539,3,3,0
79238,3663,5,5,0
79195,1296,17,17,0
79144,1670,3,3,0
79133,1344,3,3,0
79204,987,5,5,0
79354,796,3,3,0
79259,300,1,1,0
79235,1157,9,9,0
79111,2195,1,1,0
79014,1113,17,17,0
79127,1770,7,7,0
79091,1143,6,6,0
79128,1877,8,8,0
79046,1094,2,2,0
79172,958,2,2,0
79313,698,3,3,0
79280,916,3,3,0
79090,806,6,6,0
79281,1895,11,11,0
79301,1086,6,6,0
79074,859,5,5,0
79271,1558,1,1,0
79008,1468,1,1,0
79030,1368,5,5,0
79135,495,5,5,0
79320,904,2,2,0
79273,1057,3,3,0
79297,1698,4,4,0
79104,1545,2,2,0
79257,1384,7,7,0
79096,1467,6,6,0
79274,982,10,10,0
79103,1210,12,12,0
79100,1625,12,12,0
79332,2448,3,3,0
79139,282,1,1,0
79121,827,2,2,0
79032,3395,8,8,0
79152,2785,4,4,0
79345,7049,26,26,0
79304,2752,11,11,0
79205,566,2,2,0
79263,732,4,4,0
79112,1635,3,3,0
79343,773,1,1,0
79141,339,2,2,0
79335,1816,4,4,0
79056,694,5,5,0
79018,679,2,2,0
79293,2386,7,7,0
79087,1256,6,6,0
79278,559,2,2,0
79118,1908,4,4,0
79126,860,2,2,0
79340,1378,1,1,0
79116,1420,6,6,0
79253,1432,5,5,0
79319,952,8,8,0
79161,835,2,2,0
79134,627,2,2,0
79241,923,3,3,0
79290,996,7,7,0
79040,1580,2,2,0
79023,1406,2,2,0
79070,397,2,2,0
79002,403,2,2,0
79283,1216,2,2,0
79095,901,3,3,0
79117,1496,2,2,0
79159,1282,2,2,0
79176,1158,5,5,0
79256,724,4,4,0
79250,250,1,1,0
79180,941,4,4,0
79226,1528,6,6,0
79265,1101,4,4,0
79078,1465,3,3,0
79085,753,1,1,0
79276,1201,4,4,0
79060,1092,1,1,0
79084,381,1,1,0
79252,1652,1,1,0
79300,1117,5,5,0
79016,993,3,3,0
79105,1293,3,3,0
79164,292,1,1,0
79254,1236,1,1,0
79294,1667,2,2,0
79243,561,3,3,0
79336,759,2,2,0
79089,436,1,1,0
79167,691,2,2,0
79258,769,1,1,0
79218,1489,3,3,0
79338,1579,6,6,0
79108,973,1,1,0
79022,758,1,1,0
79310,2517,1,1,0
80685,2851,21,12,9
80070,1225,2,2,0
80343,1877,1,1,0
80458,1684,1,1,0
80021,69393,695,220,475
80706,1636,7,7,0
80132,2500,2,2,0
80236,1085,3,3,0
80010,1202,4,4,0
80403,2252,4,4,0
80533,3032,34,15,19
80585,1380,12,12,0
80228,4986,10,7,3
80669,1082,2,2,0
80050,2107,5,5,0
80003,1721,1,0,1
80256,2224,9,7,2
80561,1534,24,24,0
80082,1376,2,2,0
80606,1132,1,1,0
80793,1706,10,9,1
80333,3692,38,8,30
80791,2799,8,8,0
80196,2325,1,1,0
80009,2479,5,5,0
80574,2039,1,1,0
80718,2032,2,2,0
80724,2371,12,12,0
80489,1968,21,13,8
80358,860,3,3,0
80182,3434,30,19,11
80774,245,1,1,0
80570,7070,34,22,12
80131,2382,7,5,2
80261,3456,11,11,0
80620,1848,24,21,3
80001,1682,115,84,31
80402,1000,1,1,0
80755,929,1,1,0
80300,1139,1,1,0
80318,1299,9,9,0
80765,979,2,2,0
80674,2509,16,16,0
80410,1135,12,12,0
80815,1305,3,3,0
80811,1518,6,6,0
80187,1775,2,2,0
80769,1895,4,4,0
80252,774,2,2,0
80128,930,2,2,0
80177,1427,4,4,0
80298,788,2,2,0
80034,1273,4,4,0
80102,971,1,1,0
80205,1297,8,8,0
80485,2009,4,4,0
80486,1193,6,6,0
80406,1712,8,8,0
80212,2024,17,14,3
80373,1621,9,9,0
80088,1650,2,2,0
80039,4052,13,5,8
80721,4229,17,13,4
80496,2271,3,3,0
80249,2881,2,2,0
80291,2111,1,1,0
80207,1555,4,4,0
80748,1012,1,1,0
80224,956,2,2,0
80442,1107,1,1,0
80711,957,13,13,0
80552,1119,9,9,0
80688,2372,11,10,1
80670,1994,3,3,0
80185,1367,3,3,0
80337,2381,1,1,0
80011,1953,8,8,0
80452,1867,3,3,0
80184,1483,8,8,0
80632,2342,7,6,1
80100,2110,1,1,0
80766,1875,1,1,0
80484,866,1,1,0
80016,2710,41,25,16
80020,2216,4,4,0
80805,1957,2,2,0
80593,1461,2,2,0
80275,732,2,2,0
80129,1247,3,3,0
80443,912,2,2,0
80431,1893,3,3,0
80005,1047,1,1,0
80220,1242,2,2,0
80822,1670,1,1,0
80649,3117,27,22,5
80035,1849,2,2,0
80317,1360,2,2,0
80120,1022,2,2,0
80566,1192,4,4,0
80008,1072,1,1,0
80611,1356,2,2,0
80717,1696,10,10,0
80377,1372,2,2,0
80197,308,1,1,0
80248,1205,3,3,0
80650,2353,3,3,0
80527,2382,3,3,0
80302,11474,9,9,0
80730,2231,2,2,0
80089,2103,3,3,0
80618,2233,4,4,0
80579,1303,3,3,0
80273,1161,2,2,0
80696,2549,3,3,0
80063,1471,1,1,0
80023,2158,1,1,0
80680,1457,6,6,0
80799,4996,23,13,10
80330,1635,1,1,0
80338,1711,7,6,1
80692,2034,3,3,0
80821,2003,1,1,0
80312,600,1,1,0
80625,2370,6,6,0
80211,1499,4,4,0
80078,1094,3,3,0
80417,1319,7,7,0
80627,2736,1,1,0
80598,1432,4,4,0
80702,1959,4,3,1
80694,1333,1,1,0
80126,720,2,2,0
80555,1015,7,7,0
80308,3590,2,2,0
80208,920,1,1,0
80507,1817,8,8,0
80716,1370,7,7,0
80344,2556,2,2,0
80367,1125,1,1,0
80746,1830,3,3,0
80096,1111,1,1,0
80253,1299,21,15,6
80114,1955,2,2,0
80244,640,1,1,0
80002,1548,2,2,0
80781,1507,3,3,0
80342,1569,1,1,0
80164,2299,9,9,0
80571,2381,5,5,0
80541,2040,1,1,0
80725,2096,8,5,3
80621,980,3,3,0
80789,1325,3,3,0
80647,1963,2,2,0
80186,1112,7,7,0
80173,2300,1,1,0
80415,1285,3,3,0
80349,2259,2,2,0
80360,1421,5,5,0
80690,2439,2,2,0
80421,1087,5,5,0
80296,912,4,4,0
80638,1706,4,4,0
80265,1372,2,2,0
80678,1381,4,4,0
80324,912,3,3,0
80328,526,1,1,0
80644,1541,4,4,0
80284,936,5,5,0
80364,1797,2,2,0
80198,1889,3,3,0
80770,1144,2,2,0
80523,1613,2,2,0
80726,1883,1,1,0
80530,1445,2,2,0
80319,1667,3,1,2
80798,865,1,1,0
80368,1455,19,17,2
80509,1032,5,5,0
80400,1537,3,3,0
80498,1283,2,2,0
80314,1553,5,5,0
80703,1341,3,3,0
80235,1131,4,4,0
80511,1000,1,1,0
80661,2709,2,2,0
80749,1095,2,2,0
80086,1450,3,3,0
80584,1352,5,5,0
80481,1653,2,2,0
80125,804,1,1,0
80795,1321,3,3,0
80628,1529,5,5,0
80695,351,1,1,0
80227,2377,3,3,0
80171,1524,1,1,0
80399,1808,3,3,0
80488,2224,11,11,0
80093,1918,1,1,0
80824,385,2,2,0
80622,1829,5,5,0
80677,1197,7,7,0
80436,800,1,1,0
80479,619,1,1,0
80557,1447,3,3,0
80732,1578,6,6,0
80214,1149,1,1,0
80094,1889,1,1,0
80013,1145,8,7,1
80118,1354,4,4,0
80444,2101,2,2,0
80681,2018,1,1,0
80605,2025,1,1,0
80353,1111,1,1,0
80127,2072,2,2,0
80316,2044,6,6,0
80741,1897,1,1,0
80630,1521,3,3,0
80462,1427,2,2,0
80524,1378,2,2,0
80192,1959,1,1,0
80234,3223,4,4,0
80624,1808,1,1,0
80686,1740,2,2,0
80110,2457,4,4,0
80390,1907,2,2,0
80240,1341,3,3,0
80463,1259,2,2,0
80215,2244,2,2,0
80619,2172,3,3,0
80079,624,3,3,0
80760,2388,2,2,0
80733,1102,4,4,0
80222,932,4,4,0
80290,1699,2,2,0
80734,900,2,2,0
80835,1842,3,3,0
80124,1740,2,2,0
80279,1629,2,2,0
80232,94,1,1,0
80827,1220,5,5,0
80473,1430,1,1,0
80493,575,1,1,0
80029,1901,3,3,0
80350,2094,1,1,0
80047,143,1,1,0
80652,1286,4,4,0
80643,1019,1,1,0
80379,1230,1,1,0
80786,2458,1,1,0
80453,1877,3,3,0
80271,896,2,2,0
80071,1060,10,10,0
80313,1157,2,2,0
80301,2940,1,1,0
80170,1405,2,2,0
80172,1807,1,1,0
80592,895,4,4,0
80691,1600,2,2,0
80262,1290,1,1,0
80135,667,1,1,0
80355,773,1,1,0
80137,2766,1,1,0
80190,1117,3,3,0
80393,2286,1,1,0
80814,833,1,1,0
80671,1263,1,1,0
80064,2744,1,1,0
80830,846,1,1,0
80213,877,1,1,0
80260,2480,6,6,0
80554,2061,3,3,0
80597,2466,2,2,0
80519,979,2,2,0
80518,588,1,1,0
80326,1139,1,1,0
80580,1207,2,2,0
80152,914,1,1,0
80066,1810,2,2,0
80490,1420,2,2,0
80634,1895,4,4,0
80684,739,2,2,0
80477,1222,2,2,0
80673,1914,2,2,0
80331,1489,1,1,0
80633,2135,3,3,0
80516,796,2,2,0
80107,2442,2,2,0
80112,2393,2,2,0
80651,1634,1,1,0
80416,1498,2,2,0
80792,1437,1,1,0
80062,1632,5,5,0
80238,561,1,1,0
80083,8036,1,1,0
80241,1439,4,4,0
80599,460,2,2,0
80166,1268,2,2,0
80437,843,2,2,0
80501,1821,3,3,0
80150,1747,1,1,0
80048,636,1,1,0
80723,1540,6,6,0
80709,625,1,1,0
80285,1102,2,2,0
80615,1448,1,1,0
80247,1390,2,2,0
80776,1073,1,1,0
80369,1534,3,3,0
80017,1610,2,2,0
80679,2954,2,2,0
80683,1010,2,2,0
80282,1801,4,4,0
80268,1759,3,3,0
80276,1375,1,1,0
80759,1905,1,1,0
80161,230,1,1,0
80568,1534,4,4,0
80779,1897,2,2,0
80438,1137,3,3,0
80521,906,2,2,0
80666,893,1,1,0
80752,2413,1,1,0
80773,1429,1,1,0
80466,1420,2,2,0
80274,1338,3,3,0
80500,1385,1,1,0
80456,1181,1,1,0
80231,989,1,1,0
80031,437,2,2,0
80657,2478,1,1,0
80590,1641,3,3,0
80412,1141,1,1,0
80335,1484,4,4,0
80004,1842,1,1,0
80049,1190,1,1,0
80109,825,1,1,0
80576,1072,1,1,0
80542,1570,1,1,0
80116,617,2,2,0
80092,2246,3,3,0
80426,892,3,3,0
80631,915,4,4,0
80149,1727,2,2,0
80629,1474,1,1,0
80427,1967,2,2,0
80113,1273,4,3,1
80101,1429,2,2,0
80293,600,1,1,0
80203,800,1,1,0
80820,4812,3,3,0
80639,2278,1,1,0
80136,1590,1,1,0
80613,2622,2,2,0
80146,2172,1,1,0
80767,2678,2,2,0
80698,890,1,1,0
80322,1155,1,1,0
80596,1400,1,1,0
80668,1759,2,2,0
80405,2165,1,1,0
80162,1706,2,2,0
80142,2364,1,1,0
80782,1500,2,2,0
80423,2289,1,1,0
80595,2134,2,2,0
80446,2440,2,2,0
80069,783,1,1,0
80032,3036,2,2,0
80067,883,1,1,0
80315,1500,1,1,0
80833,1490,1,1,0
80583,1388,2,2,0
80785,1434,1,1,0
80469,2474,2,2,0
80476,1359,1,1,0
80321,2386,1,1,0
80736,1016,1,1,0
80540,650,1,1,0
80385,1939,1,1,0
80635,926,1,1,0
80672,1952,1,1,0
80464,2039,1,1,0
80376,3267,2,2,0
80549,675,1,1,0
80246,2231,1,1,0
80801,1171,1,1,0
80737,855,1,1,0
80045,846,1,1,0
80656,1516,1,1,0
80320,2182,2,2,0
80517,2127,2,2,0
80119,1489,1,1,0
80640,1183,1,1,0
80778,1404,1,1,0
80281,1704,1,1,0
80130,1930,1,1,0
80362,1651,2,2,0
80019,1824,1,1,0
80065,1379,1,1,0
80807,232,1,1,0
80354,2412,1,1,0
80588,1875,2,2,0
80432,2359,1,1,0
80223,997,2,2,0
80036,2385,1,1,0
80470,495,1,1,0
80826,1453,1,1,0
80250,1262,1,1,0
80148,2465,2,2,0
80204,2847,3,3,0
80163,1467,1,1,0
80825,1029,2,2,0
80573,857,1,1,0
80515,773,1,1,0
80288,5722,5,5,0
80494,1172,1,1,0
80763,1358,1,1,0
80512,1275,1,1,0
80569,1864,1,1,0
80654,1532,1,1,0
80497,1385,1,1,0
80700,1912,2,2,0
80392,576,1,1,0
80784,870,1,1,0
80693,2293,1,1,0
80614,1296,1,1,0
80602,1627,1,1,0
80068,1781,2,2,0
81081,1502,14,14,0
81065,2870,261,142,119
81136,12670,5,5,0
81055,1218,3,3,0
81105,2762,93,74,19
81004,3797,312,150,162
81163,1215,74,50,24
81128,951,10,10,0
81033,1651,20,17,3
81002,1224,19,19,0
81295,389,1,1,0
81120,1698,36,33,3
81281,1654,13,13,0
81156,2455,16,15,1
81238,1212,7,7,0
81273,1641,18,18,0
81140,2517,65,42,23
81324,2256,2,2,0
81098,1617,7,7,0
81116,1850,9,9,0
81138,2017,3,3,0
81276,1896,10,10,0
81170,943,13,13,0
81254,1351,5,5,0
81257,1982,32,21,11
81064,1719,14,14,0
81005,1848,4,4,0
81145,2077,19,18,1
81227,1509,13,13,0
81132,1284,2,2,0
81099,2592,71,53,18
81144,1855,16,16,0
81048,2624,14,9,5
81060,2629,79,51,28
81038,2853,14,12,2
81325,1995,8,8,0
81124,732,13,7,6
81131,2147,9,9,0
81288,2648,32,25,7
81168,1440,8,8,0
81133,398,1,1,0
81198,2278,1,1,0
81092,2301,6,6,0
81262,1485,4,4,0
81051,2799,8,8,0
81202,2146,11,11,0
81008,818,1,1,0
81070,3090,11,11,0
81315,1945,4,4,0
81069,1495,8,8,0
81053,1073,4,4,0
81308,2721,8,6,2
81042,16758,24,24,0
81018,1956,25,24,1
81290,1669,2,2,0
81096,975,2,2,0
81062,1360,7,7,0
81271,2693,55,47,8
81102,1286,2,2,0
81307,2162,8,8,0
81280,1900,2,2,0
81222,2532,19,7,12
81306,1437,4,4,0
81129,1538,4,4,0
81097,2394,9,5,4
81299,2551,3,3,0
81182,1459,16,12,4
81249,1418,2,2,0
81112,3006,9,9,0
81032,1960,10,10,0
81219,2142,20,16,4
81179,843,1,1,0
81297,1988,4,4,0
81115,897,26,18,8
81215,1966,5,5,0
81121,568,6,6,0
81021,1425,17,16,1
81014,1202,6,3,3
81204,1877,7,7,0
81158,1192,2,2,0
81261,2889,5,5,0
81192,1180,7,5,2
81104,1835,4,4,0
81003,1279,13,8,5
81149,2290,4,4,0
81147,1639,7,5,2
81305,1364,6,6,0
81232,1797,5,5,0
81220,2135,25,15,10
81075,2231,7,7,0
81217,1795,4,4,0
81259,1195,3,3,0
81302,1427,1,1,0
81063,2385,2,2,0
81284,2248,11,9,2
81035,2099,1,1,0
81211,1752,4,4,0
81196,663,6,6,0
81139,1698,8,8,0
81193,5963,62,62,0
81059,2327,2,2,0
81286,2321,1,1,0
81074,2261,7,7,0
81164,6075,11,5,6
81045,1587,3,3,0
81086,758,2,2,0
81052,2356,16,16,0
81125,4232,6,6,0
81251,1379,4,4,0
81037,1230,5,5,0
81028,1000,1,1,0
81312,1794,5,5,0
81016,1641,6,6,0
81110,694,2,2,0
81085,1038,1,1,0
81031,1474,5,5,0
81039,1773,8,8,0
81101,1655,10,10,0
81006,2794,2,2,0
81225,2303,4,4,0
81292,1237,3,3,0
81279,2024,2,2,0
81022,2532,5,5,0
81188,739,3,3,0
81171,1855,10,10,0
81175,2877,6,6,0
81253,912,2,2,0
81079,2031,5,5,0
81077,1200,2,2,0
81218,2548,14,14,0
81178,1928,1,1,0
81148,875,1,1,0
81269,867,2,2,0
81010,837,2,2,0
81130,1695,3,2,1
81252,1000,1,1,0
81151,1200,1,1,0
81266,1564,4,4,0
81203,419,2,2,0
81166,2440,5,5,0
81237,1538,1,1,0
81311,1620,3,3,0
81314,250,3,3,0
81209,1417,12,12,0
81228,6229,3,3,0
81317,1644,4,4,0
81201,1834,13,13,0
81277,2397,1,1,0
81046,2033,3,3,0
81316,2646,3,3,0
81159,2119,8,8,0
81142,1950,2,2,0
81283,2427,2,2,0
81054,2186,5,5,0
81326,2371,1,1,0
81309,555,1,1,0
81106,1916,1,1,0
81034,1850,11,11,0
81291,1190,3,3,0
81072,6072,2,2,0
81278,2332,1,1,0
81161,214,1,1,0
81231,2574,8,5,3
81221,2095,2,2,0
81056,1288,3,3,0
81289,1976,13,12,1
81036,1633,6,6,0
81050,2800,2,2,0
81274,2245,2,2,0
81248,1245,6,6,0
81304,417,1,1,0
81258,2027,1,1,0
81239,697,3,3,0
81298,3046,5,5,0
81160,1280,3,3,0
81043,2079,1,1,0
81320,3339,4,4,0
81066,4321,2,2,0
81294,2474,4,4,0
81319,2651,4,4,0
81026,1892,2,2,0
81011,2192,3,3,0
81111,5649,2,2,0
81321,1426,5,5,0
81114,1250,2,2,0
81205,1929,1,1,0
81078,2966,2,2,0
81285,538,1,1,0
81067,1728,1,1,0
81087,2122,6,6,0
81152,6235,5,5,0
81180,2096,1,1,0
81246,2040,2,2,0
81247,754,2,2,0
81303,2102,3,3,0
81197,1651,3,3,0
81244,1194,3,3,0
81242,999,1,1,0
81094,317,1,1,0
81267,896,3,3,0
81040,1903,1,1,0
81076,2184,2,2,0
81089,1897,1,1,0
81191,1865,3,3,0
81268,938,1,1,0
81126,2292,2,2,0
81240,1643,1,1,0
81287,1619,2,2,0
81213,2750,2,2,0
81245,672,1,1,0
81150,2640,2,2,0
81323,2267,1,1,0
81165,2270,2,2,0
81100,2301,1,1,0
81300,1671,1,1,0
82121,3270,376,191,185
82124,2051,20,13,7
82044,2511,14,11,3
82163,1313,1,1,0
82089,1307,13,11,2
82116,3936,1,1,0
82161,1663,17,13,4
82108,1527,12,12,0
82094,1856,8,8,0
82134,1819,21,19,2
82125,2322,40,31,9
82112,1649,70,53,17
82033,2126,111,69,42
82025,2239,17,16,1
82037,1801,36,24,12
82096,1953,17,15,2
82173,1242,6,3,3
82036,1450,3,3,0
82131,1880,19,17,2
82075,2177,15,13,2
82190,2137,37,32,5
82014,1530,5,5,0
82063,1885,4,4,0
82126,2004,9,7,2
82035,1179,3,3,0
82032,909,1,1,0
82017,2586,7,7,0
82142,2116,10,7,3
82186,2083,37,27,10
82102,941,3,3,0
82042,2875,9,5,4
82169,1755,9,8,1
82011,1613,3,3,0
82136,2204,15,15,0
82055,1111,1,1,0
82160,2676,3,2,1
82177,667,2,2,0
82050,1716,21,21,0
82113,2072,5,5,0
82093,986,5,5,0
82023,2040,6,4,2
82012,2143,2,2,0
82019,1326,9,9,0
82155,2826,24,23,1
82127,2057,3,3,0
82088,1307,7,5,2
82145,1038,2,2,0
82077,1945,7,7,0
82098,2496,6,6,0
82101,1682,5,5,0
82119,1202,7,7,0
82117,1574,19,18,1
82168,472,1,1,0
82086,836,1,1,0
82002,2267,14,8,6
82179,1867,11,9,2
82100,2436,6,6,0
82180,1244,8,5,3
82005,2549,6,6,0
82013,2409,32,18,14
82061,1476,3,3,0
82150,2609,5,5,0
82159,1714,4,4,0
82062,2143,11,11,0
82029,2810,5,5,0
82038,1791,21,19,2
82165,1119,1,1,0
82187,1252,10,10,0
82026,2342,5,5,0
82079,2212,12,11,1
82137,4684,3,3,0
82170,1787,5,5,0
82115,2564,26,26,0
82082,1290,3,3,0
82123,2100,10,8,2
82148,1525,5,5,0
82194,1397,10,10,0
82144,3782,2,2,0
82052,1598,13,13,0
82090,1781,6,6,0
82053,1298,3,3,0
82167,2169,6,6,0
82191,1392,5,5,0
82066,1867,4,4,0
82130,1902,2,2,0
82158,1403,2,2,0
82105,1114,4,4,0
82132,1601,5,5,0
82097,1204,8,8,0
82048,2091,6,5,1
82087,1947,9,9,0
82054,967,2,2,0
82129,1344,3,3,0
82022,1476,6,4,2
82152,1316,1,0,1
82111,1164,3,3,0
82030,1267,4,4,0
82008,779,12,12,0
82162,1722,3,3,0
82149,1859,17,17,0
82027,2234,5,5,0
82178,2265,4,4,0
82072,1269,5,4,1
82049,2739,4,4,0
82195,2785,1,1,0
82016,4100,4,4,0
82001,2089,2,2,0
82085,1975,5,5,0
82151,1655,5,5,0
82024,1795,2,2,0
82157,1250,1,1,0
82073,1224,6,6,0
82018,1846,9,9,0
82188,1442,1,1,0
82141,1258,4,4,0
82051,1087,1,1,0
82092,1287,5,5,0
82091,2407,1,1,0
82099,2308,5,3,2
82182,2174,2,2,0
82138,1765,1,1,0
82080,1863,4,4,0
82114,1598,1,1,0
82189,4072,10,10,0
82184,1380,2,2,0
82192,4738,3,3,0
82010,1908,6,6,0
82171,2059,10,10,0
82028,2279,4,4,0
82147,1483,2,2,0
82065,2601,4,4,0
82172,2262,1,1,0
82040,1500,3,3,0
82067,1776,2,2,0
82154,2457,1,1,0
82104,1291,2,2,0
82074,1745,1,1,0
82107,1153,1,1,0
82045,1350,1,1,0
82176,4231,3,3,0
82135,2098,1,1,0
82041,735,2,2,0
82110,1026,1,1,0
82039,1901,7,7,0
82069,3566,1,1,0
82193,1100,2,2,0
82175,2927,1,1,0
82076,1950,1,1,0
82174,7216,4,4,0
82031,1905,2,2,0
82020,4827,2,2,0
82021,2836,1,1,0
82081,667,1,1,0
82007,2525,2,2,0
82164,1973,1,1,0
83115,9297,59,23,36
83107,5687,54,29,25
83081,2989,10,8,2
83067,3547,12,12,0
83036,7844,41,15,26
83061,4848,140,40,100
83094,4529,7,6,1
83118,5852,133,31,102
83008,4415,7,6,1
83085,3513,10,5,5
83042,5040,23,8,15
83023,2483,22,13,9
83077,3460,10,9,1
83116,4818,27,16,11
83021,2342,4,4,0
83135,2966,7,7,0
83037,2609,4,3,1
83146,3853,11,9,2
83050,2880,66,30,36
83119,19705,26,5,21
83073,2443,12,10,2
83031,3166,5,5,0
83048,9503,12,6,6
83120,4389,5,3,2
83099,6904,16,11,5
83068,11821,19,10,9
83152,10020,5,2,3
83064,3477,23,18,5
83059,6959,7,7,0
83128,3407,7,7,0
83012,2664,13,6,7
83072,6885,63,47,16
83065,8847,12,8,4
83151,3742,3,2,1
83041,3938,3,3,0
83029,3799,5,5,0
83011,2816,5,1,4
83055,3047,11,9,2
83004,4455,26,22,4
83086,3424,15,6,9
83121,3217,20,15,5
83058,3891,11,10,1
83087,4032,6,5,1
83143,3537,5,5,0
83140,4251,14,6,8
83097,4316,7,6,1
83003,2483,6,6,0
83084,2205,2,2,0
83057,3025,2,2,0
83136,5778,6,2,4
83032,4062,8,7,1
83051,1721,4,3,1
83018,3283,7,7,0
83141,4821,12,6,6
83134,18185,11,11,0
83056,16316,21,8,13
83028,2155,3,2,1
83063,4711,9,6,3
83092,6432,8,1,7
83095,1671,7,7,0
83075,4064,4,0,4
83079,5000,1,1,0
83150,2312,7,2,5
83149,3186,7,6,1
83124,6132,7,7,0
83080,4418,3,3,0
83125,4127,4,4,0
83138,2444,2,2,0
83148,2839,9,4,5
83145,2890,7,7,0
83102,1839,9,9,0
83060,2287,1,1,0
83066,3780,5,5,0
83093,2273,1,0,1
83108,2827,2,1,1
83007,2012,2,2,0
83001,5672,8,8,0
83106,2868,5,5,0
83082,760,1,0,1
83046,3831,4,4,0
83010,7560,3,3,0
83104,1474,2,1,1
83089,5645,1,1,0
83083,4161,3,3,0
83026,3003,3,3,0
83025,3083,2,2,0
83039,7488,4,4,0
83052,4459,3,1,2
83096,4182,4,1,3
83117,5487,5,5,0
83088,3069,4,4,0
83113,1031,1,1,0
83078,3693,5,5,0
83045,1380,1,1,0
83014,1652,1,1,0
83002,2714,1,1,0
83101,14608,8,8,0
83030,4000,3,3,0
83110,3440,1,1,0
83142,625,1,1,0
83133,3267,1,1,0
83126,4393,691,147,544
83137,6946,1895,221,1674
83153,4984,114,21,93
83027,6730,65,60,5
83069,12726,701,141,560
83129,6171,509,155,354
83016,5771,141,81,60
83144,3706,246,54,192
83062,6474,223,44,179
83123,7554,348,114,234
83009,6724,219,35,184
83019,5891,196,70,126
83070,13441,252,69,183
83034,6646,194,63,131
83098,5740,118,46,72
83049,5579,181,97,84
83035,7744,63,52,11
83071,5944,190,85,105
83043,3479,39,31,8
83130,3759,82,55,27
83112,7049,164,62,102
83033,3848,55,38,17
83047,6730,137,86,51
83132,4403,38,29,9
83131,4697,64,51,13
83091,3657,58,41,17
83127,4332,36,33,3
83090,6134,146,68,78
83053,9730,30,22,8
83100,3661,45,35,10
83103,4754,27,22,5
83017,3528,37,27,10
83054,5335,81,40,41
84055,3010,15,15,0
84092,2429,167,69,98
84115,3528,4,4,0
84148,2806,15,9,6
84087,2797,262,123,139
84141,3029,70,59,11
84007,3813,1044,256,788
84089,5622,197,88,109
84074,5690,33,31,2
84137,3310,81,51,30
84004,3040,49,44,5
84026,4124,55,28,27
84031,3112,287,151,136
84104,3343,15,13,2
84108,4813,39,21,18
84129,4160,197,105,92
84003,2676,145,61,84
84054,6379,194,111,83
84011,4751,10,10,0
84136,2835,3,3,0
84008,9390,10,4,6
84035,2914,244,141,103
84020,4428,22,20,2
84147,4346,23,16,7
84010,4135,14,14,0
84118,4648,60,56,4
84051,8034,27,23,4
84038,6499,30,25,5
84071,5315,23,23,0
84012,3812,34,30,4
84122,3279,38,31,7
84030,3189,40,37,3
84102,10607,44,42,2
84138,2770,100,75,25
84042,3420,19,14,5
84072,4516,81,72,9
84019,2968,134,92,42
84073,6449,20,16,4
84093,4329,19,17,2
84088,4878,120,94,26
84081,11232,78,51,27
84025,12208,24,24,0
84080,2740,106,66,40
84034,3141,46,37,9
84094,9406,10,10,0
84132,3751,54,41,13
84143,6090,13,11,2
84113,3483,6,4,2
84043,2831,65,46,19
84053,2290,22,22,0
84036,3236,24,21,3
84150,2026,26,24,2
84119,3289,39,27,12
84133,3976,33,24,9
84114,2831,3,3,0
84069,2220,30,25,5
84085,8978,12,12,0
84070,2925,22,20,2
84126,4428,15,15,0
84027,3383,21,15,6
84047,6041,34,32,2
84124,5239,19,11,8
84062,4083,9,7,2
84056,3474,52,40,12
84082,4561,37,20,17
84101,3140,4,4,0
84016,2505,35,31,4
84039,3669,59,38,21
84099,15758,39,32,7
84028,2650,15,9,6
84086,15387,15,13,2
84083,2570,25,23,2
84050,10333,32,30,2
84065,3691,44,34,10
84142,3848,22,21,1
84068,6130,19,12,7
84017,5323,41,41,0
84144,7988,9,8,1
84067,5005,20,15,5
84131,3908,13,13,0
84032,4523,3,3,0
84078,1986,33,27,6
84112,3542,9,9,0
84145,13348,11,9,2
84002,4973,11,10,1
84146,1810,4,4,0
84105,7210,21,21,0
84091,4198,54,40,14
84127,2926,16,15,1
84121,18384,8,4,4
84029,2698,17,15,2
84018,3046,10,10,0
84095,3741,9,6,3
84006,14106,8,8,0
84097,2381,6,5,1
84140,5288,5,5,0
84075,2298,7,7,0
84117,2249,6,2,4
84106,2576,18,13,5
84044,3267,10,9,1
84120,1982,4,4,0
84123,3387,22,17,5
84064,10384,61,25,36
84116,2545,8,8,0
84009,8257,27,22,5
84058,8916,11,11,0
84103,4371,18,17,1
84090,5308,4,4,0
84001,3565,19,16,3
84149,3207,11,11,0
84040,2516,3,3,0
84135,3449,9,9,0
84079,5050,9,9,0
84046,2923,7,7,0
84014,2067,12,10,2
84037,3707,77,10,67
84096,7462,13,11,2
84052,4184,15,15,0
84057,4843,9,9,0
84015,1448,3,3,0
84066,6036,5,5,0
84021,1921,2,2,0
84084,4105,11,9,2
84098,5005,13,13,0
84024,3489,8,7,1
84076,4423,9,7,2
84060,3739,1,1,0
84134,1628,1,1,0
84110,1105,1,1,0
84077,4420,6,2,4
84041,6431,8,8,0
84139,5389,5,4,1
84061,3556,3,3,0
84107,1560,3,2,1
84100,8080,1,1,0
84059,2650,1,1,0
84045,6186,3,3,0
84005,2455,1,1,0
84111,7143,1,1,0
84022,2056,1,1,0
84033,1690,1,1,0
84013,6084,4,4,0
84049,3251,2,2,0
84048,152,1,1,0
85208,2158,22,17,5
85146,3080,160,136,24
85191,3846,600,295,305
85019,2068,30,30,0
85215,2195,44,42,2
85238,2030,26,26,0
85084,1936,87,82,5
85003,2637,99,93,6
85262,2275,18,16,2
85051,2267,110,89,21
85023,1172,5,5,0
85246,5229,43,31,12
85160,2202,29,29,0
85178,2774,58,51,7
85213,2204,58,57,1
85061,1597,21,20,1
85157,1414,14,14,0
85038,1927,20,20,0
85135,1819,29,27,2
85197,1816,27,25,2
85089,2937,67,55,12
85081,2179,39,38,1
85034,2227,33,33,0
85008,2549,57,57,0
85109,3740,121,87,34
85142,4172,15,13,2
85072,2079,13,13,0
85129,2473,29,29,0
85046,2102,35,32,3
85151,1992,50,50,0
85015,2482,25,25,0
85155,2512,45,45,0
85220,1524,13,13,0
85276,1746,13,13,0
85013,2185,16,16,0
85076,2273,22,22,0
85065,3558,38,33,5
85293,1804,18,17,1
85186,1390,8,8,0
85190,2061,21,21,0
85039,2608,44,43,1
85282,1508,18,18,0
85261,2319,4,4,0
85108,2139,21,21,0
85036,1878,14,14,0
85295,2167,30,30,0
85074,1269,3,3,0
85300,2259,39,39,0
85025,3182,15,15,0
85296,1341,8,8,0
85098,2361,15,15,0
85153,2005,24,24,0
85055,1982,10,10,0
85119,1923,35,33,2
85302,1875,29,29,0
85301,1866,9,9,0
85266,1685,26,26,0
85196,1968,21,21,0
85097,2486,19,19,0
85073,2458,11,11,0
85202,2148,15,15,0
85242,2872,10,10,0
85291,1794,10,10,0
85082,1891,19,18,1
85064,1939,15,15,0
85093,2129,7,7,0
85144,4935,10,10,0
85259,1481,8,8,0
85192,1725,6,6,0
85232,1497,16,16,0
85198,2086,16,16,0
85017,1970,14,12,2
85021,3742,11,8,3
85193,1721,5,5,0
85171,1997,3,3,0
85240,1790,2,2,0
85175,1918,4,4,0
85285,2509,4,4,0
85247,833,3,3,0
85234,6912,375,187,188
85226,3909,365,191,174
85222,4757,154,85,69
85152,2764,44,42,2
85288,3620,175,124,51
85194,5237,796,456,340
85112,3330,26,26,0
85058,3749,21,21,0
85164,4053,70,50,20
85284,2572,69,69,0
85071,2952,68,63,5
85012,3272,76,64,12
85189,2860,25,25,0
85307,3975,43,39,4
85106,4513,21,19,2
85010,2862,37,30,7
85042,1698,25,25,0
85236,2730,35,33,2
85278,4551,37,31,6
85070,2376,36,35,1
85163,6099,97,77,20
85182,1836,82,68,14
85105,1602,15,15,0
85304,2105,8,8,0
85214,3131,39,39,0
85267,2101,19,19,0
85011,4512,37,34,3
85128,2205,124,106,18
85035,4108,115,93,22
85264,1221,23,23,0
85172,7877,46,46,0
85223,2039,37,29,8
85047,6694,261,184,77
85111,1484,21,21,0
85294,3958,104,85,19
85204,2874,41,39,2
85016,3269,30,30,0
85059,1492,43,36,7
85227,1211,15,15,0
85298,2537,21,20,1
85024,2592,28,28,0
85077,1407,9,9,0
85140,1108,17,17,0
85022,2847,31,29,2
85095,4485,29,22,7
85088,3994,50,49,1
85127,3022,66,58,8
85231,2688,18,18,0
85004,3284,43,42,1
85001,2745,39,39,0
85200,2944,24,24,0
85145,1384,8,8,0
85018,2809,44,44,0
85114,3934,74,56,18
85031,1867,13,13,0
85139,2458,8,8,0
85104,2170,17,17,0
85147,1136,16,16,0
85090,1550,57,57,0
85159,2850,49,49,0
85297,1792,20,20,0
85014,3175,26,24,2
85177,1123,21,21,0
85103,2796,20,20,0
85216,1722,20,20,0
85009,2147,8,6,2
85092,2457,167,99,68
85250,2701,29,27,2
85255,2228,44,44,0
85167,1420,8,8,0
85292,2522,16,16,0
85248,905,12,12,0
85265,1787,12,12,0
85169,1553,9,9,0
85006,4750,27,27,0
85237,1244,5,5,0
85045,2704,22,22,0
85020,1666,34,34,0
85179,2039,15,15,0
85113,7189,70,70,0
85117,1636,13,13,0
85161,1820,33,30,3
85174,1189,11,11,0
85303,1462,22,22,0
85120,2803,21,21,0
85243,3323,49,49,0
85281,2059,14,14,0
85280,2701,42,40,2
85029,2339,27,27,0
85306,1347,9,9,0
85254,1873,30,30,0
85256,1594,11,11,0
85049,1779,27,27,0
85188,648,14,14,0
85110,1429,7,7,0
85002,2877,34,34,0
85026,1380,6,6,0
85123,1511,3,3,0
85054,2149,10,10,0
85207,1809,10,10,0
85141,1413,10,10,0
85037,1834,12,12,0
85210,2233,23,21,2
85305,1645,16,15,1
85118,3088,44,44,0
85040,1471,18,18,0
85244,1190,9,9,0
85094,1319,9,9,0
85099,2040,11,11,0
85273,2646,30,30,0
85096,2573,50,49,1
85086,1911,30,30,0
85115,1046,7,7,0
85287,944,6,6,0
85154,1245,20,20,0
85221,2753,27,27,0
85251,1254,11,11,0
85121,1433,10,10,0
85162,2635,14,14,0
85209,1451,8,8,0
85050,2233,28,24,4
85158,1381,12,12,0
85156,2930,21,19,2
85218,2224,19,19,0
85137,1307,17,17,0
85133,2242,14,14,0
85005,3390,8,8,0
85087,801,8,8,0
85100,3021,16,16,0
85126,1731,9,9,0
85211,2175,21,21,0
85239,3204,20,20,0
85067,1082,9,9,0
85235,1242,2,2,0
85277,2202,26,26,0
85229,1117,9,9,0
85080,1191,10,10,0
85268,2457,17,17,0
85033,1579,11,11,0
85271,1606,6,6,0
85149,1805,7,7,0
85148,1302,5,5,0
85187,1731,5,5,0
85143,1573,17,17,0
85062,2855,19,19,0
85184,961,6,6,0
85125,1351,9,7,2
85132,1354,11,11,0
85233,1948,5,5,0
85134,1951,1,1,0
85206,2066,8,8,0
85185,2375,10,10,0
85260,2164,11,8,3
85056,1202,14,14,0
85136,1794,6,6,0
85176,2236,19,19,0
85131,1375,8,7,1
85138,3077,12,12,0
85289,1038,11,11,0
85252,1223,8,8,0
85078,2101,13,13,0
85286,1054,12,12,0
85053,1957,2,2,0
85205,1317,6,4,2
85181,880,4,4,0
85269,1244,2,2,0
85041,1288,1,1,0
85066,1572,5,5,0
85290,1495,3,3,0
85199,1272,4,4,0
85028,1190,1,1,0
85274,1368,3,3,0
85101,2387,5,5,0
85201,1535,5,5,0
85116,2095,10,10,0
85130,1972,13,13,0
85083,4949,21,21,0
85102,1690,4,4,0
86133,2128,21,19,2
86004,1282,11,11,0
86139,5028,21,17,4
86194,5115,820,275,545
86025,509,8,8,0
86019,1665,21,21,0
86066,3642,424,222,202
86044,1770,10,10,0
86286,527,3,3,0
86165,1649,74,59,15
86024,3038,16,11,5
86154,1310,6,6,0
86293,1638,33,33,0
86252,1418,8,8,0
86247,2884,13,13,0
86027,2675,13,13,0
86297,2112,48,47,1
86222,1901,29,27,2
86041,2026,69,41,28
86174,1543,40,40,0
86163,1965,17,17,0
86144,1172,3,3,0
86294,1518,22,22,0
86093,1092,6,6,0
86292,1423,7,7,0
86268,1788,7,7,0
86246,841,18,15,3
86177,2427,39,25,14
86161,1051,13,13,0
86009,1410,15,15,0
86092,1731,34,34,0
86298,1922,10,9,1
86127,1395,5,5,0
86140,1297,22,18,4
86120,849,19,17,2
86086,804,8,8,0
86042,747,5,5,0
86053,1531,20,20,0
86170,920,6,6,0
86180,1944,11,11,0
86016,2222,9,9,0
86258,1737,18,18,0
86195,1608,8,8,0
86214,4855,60,28,32
86121,1678,20,15,5
86183,1331,10,10,0
86245,1141,8,8,0
86115,2545,55,43,12
86271,999,7,7,0
86157,2434,37,29,8
86299,1316,3,3,0
86237,905,12,12,0
86078,1347,56,43,13
86255,939,16,16,0
86007,2970,14,14,0
86295,1569,10,10,0
86203,2085,15,15,0
86095,2041,19,19,0
86062,3368,34,24,10
86064,996,8,8,0
86213,1772,17,17,0
86031,1579,25,25,0
86204,1762,16,14,2
86260,1026,4,4,0
86109,1376,5,5,0
86281,1772,36,36,0
86210,7546,6,6,0
86175,1195,4,4,0
86233,1478,26,26,0
86068,2699,17,15,2
86045,1288,4,4,0
86117,1895,2,2,0
86223,938,8,8,0
86137,1150,59,54,5
86263,2138,18,18,0
86269,1271,1,1,0
86145,3596,8,8,0
86229,689,6,6,0
86077,1166,13,13,0
86083,1883,7,7,0
86253,1048,10,10,0
86234,1597,9,9,0
86138,713,3,3,0
86112,1118,26,25,1
86010,1633,8,8,0
86015,927,22,22,0
86113,1914,18,18,0
86123,1349,26,26,0
86160,1339,28,24,4
86052,1341,13,13,0
86032,1930,14,14,0
86272,1225,24,24,0
86063,1213,5,5,0
86058,1074,4,4,0
86100,2254,32,32,0
86012,206,1,1,0
86178,1520,10,10,0
86082,2263,50,47,3
86242,1288,6,6,0
86226,2427,22,20,2
86111,1389,10,10,0
86221,1281,13,13,0
86131,1157,17,15,2
86207,5177,38,19,19
86054,1240,5,5,0
86190,908,11,11,0
86029,784,11,11,0
86189,677,7,7,0
86026,1456,6,6,0
86055,1184,4,4,0
86006,959,5,5,0
86002,664,3,3,0
86014,1559,5,5,0
86034,1724,11,11,0
86159,1086,5,5,0
86070,2294,63,45,18
86290,1433,9,6,3
86103,1803,17,11,6
86296,1466,3,3,0
86285,1269,9,9,0
86107,1649,12,12,0
86099,2136,20,17,3
86148,997,6,6,0
86152,1087,10,10,0
86289,3141,11,11,0
86073,1162,5,5,0
86261,1731,10,10,0
86193,1602,12,7,5
86262,1266,7,7,0
86061,2493,23,22,1
86128,2451,17,17,0
86108,431,2,2,0
86158,2278,33,31,2
86129,683,2,2,0
86008,892,9,9,0
86132,4603,2,2,0
86167,1009,3,3,0
86266,1247,2,2,0
86264,1384,5,5,0
86090,1847,4,4,0
86236,2131,18,18,0
86280,1235,3,3,0
86039,703,5,5,0
86224,1730,6,6,0
86171,1074,6,6,0
86096,1219,7,7,0
86050,1385,4,4,0
86235,770,7,7,0
86173,1172,4,4,0
86135,1433,3,3,0
86023,846,6,6,0
86091,1015,4,4,0
86276,1689,12,10,2
86079,1023,4,4,0
86273,710,11,11,0
86274,1642,6,6,0
86036,1413,10,10,0
86209,1948,12,12,0
86256,2384,3,3,0
86125,1606,2,2,0
86076,2015,11,11,0
86147,974,3,3,0
86200,990,13,13,0
86186,4006,14,14,0
86075,1105,6,6,0
86114,1862,11,11,0
86244,1198,19,17,2
86049,1580,3,3,0
86257,1926,2,2,0
86104,1495,15,15,0
86287,2466,8,8,0
86164,1014,5,4,1
86211,952,4,4,0
86037,994,9,9,0
86143,480,3,3,0
86172,902,1,1,0
86022,613,2,2,0
86184,1246,7,7,0
86265,1077,5,5,0
86181,1108,3,3,0
86182,1326,10,10,0
86069,1020,1,1,0
86231,983,3,3,0
86153,1568,7,7,0
86198,1381,4,4,0
86149,1112,3,3,0
86162,1166,1,1,0
86248,791,2,2,0
86074,1688,5,5,0
86046,1640,9,9,0
86187,1538,8,8,0
86254,1156,12,12,0
86047,854,1,1,0
86081,1567,8,8,0
86130,1316,1,1,0
86089,1219,4,4,0
86241,1259,2,2,0
86220,1287,3,3,0
86001,910,7,7,0
86048,2021,9,9,0
86118,728,5,5,0
86094,905,4,4,0
86136,1197,13,9,4
86065,1396,7,7,0
86284,812,8,8,0
86196,3669,2,2,0
86151,2145,6,6,0
86230,2695,4,4,0
86084,560,4,4,0
86225,1063,7,6,1
86020,971,2,2,0
86018,1373,4,4,0
86250,1480,4,4,0
86126,893,4,4,0
86059,1004,3,3,0
86040,1150,6,6,0
86035,433,3,3,0
86205,976,5,5,0
86279,1026,2,2,0
86011,573,3,3,0
86156,1328,6,6,0
86072,928,4,4,0
86124,1478,5,5,0
86192,281,3,3,0
86017,958,4,4,0
86201,1182,1,1,0
86169,1358,4,4,0
86270,705,2,2,0
86051,429,1,1,0
86080,1100,1,1,0
86028,3244,3,3,0
86005,847,2,2,0
86197,2725,3,3,0
86176,704,1,1,0
86119,406,2,2,0
86288,936,3,3,0
86087,527,1,1,0
86013,702,1,1,0
86088,2165,3,2,1
86097,1487,2,2,0
86227,411,1,1,0
86116,1458,5,5,0
86141,72,1,1,0
86142,1589,2,2,0
86218,705,1,1,0
86003,890,3,3,0
86300,2367,1,1,0
86102,1447,2,2,0
86202,1385,3,3,0
86275,1200,1,1,0
86206,4905,2,2,0
87114,2235,82,76,6
87110,1627,28,28,0
87085,6360,1583,372,1211
87182,1592,18,16,2
87151,1636,2,2,0
87063,2080,9,9,0
87158,1126,23,23,0
87119,1341,15,15,0
87075,1971,59,50,9
87006,257,5,5,0
87189,918,2,2,0
87064,1259,50,20,30
87169,1376,12,10,2
87013,784,11,11,0
87011,1069,86,60,26
87028,1180,59,58,1
87041,720,30,30,0
87057,1101,11,11,0
87161,2068,49,28,21
87117,1273,21,21,0
87180,1125,18,18,0
87050,2259,84,70,14
87181,1201,18,12,6
87032,1262,20,17,3
87090,1118,5,5,0
87113,2071,31,30,1
87198,1066,5,5,0
87192,1815,5,5,0
87126,2263,81,62,19
87107,1997,9,9,0
87059,747,42,24,18
87172,1500,5,5,0
87065,2120,72,67,5
87051,732,12,10,2
87040,1094,14,14,0
87148,1970,9,9,0
87144,1119,2,2,0
87154,1810,114,88,26
87002,1756,75,68,7
87092,1155,12,12,0
87039,1761,12,12,0
87048,2248,45,42,3
87176,1857,8,8,0
87177,1838,15,10,5
87141,1094,8,8,0
87021,1530,21,21,0
87001,4582,86,47,39
87111,1295,34,34,0
87046,1138,11,11,0
87018,691,8,8,0
87054,990,13,13,0
87070,1506,11,11,0
87122,1322,17,17,0
87049,963,20,20,0
87079,1036,7,7,0
87003,882,23,23,0
87149,417,3,3,0
87112,2096,7,5,2
87106,1657,36,34,2
87089,1416,34,32,2
87185,1569,20,20,0
87168,1156,24,24,0
87131,1126,17,17,0
87108,1059,14,14,0
87014,2432,26,19,7
87205,1768,14,14,0
87066,869,8,8,0
87124,783,4,4,0
87072,1718,6,6,0
87044,1174,10,10,0
87071,964,9,9,0
87096,1342,17,15,2
87128,824,20,20,0
87167,650,9,5,4
87097,1430,21,21,0
87103,1259,15,10,5
87024,1478,28,23,5
87074,850,4,4,0
87143,1590,20,20,0
87038,1777,9,9,0
87045,2091,16,13,3
87030,1138,19,19,0
87164,1718,8,8,0
87201,2380,48,48,0
87135,1122,9,9,0
87146,1155,16,14,2
87062,1842,2,2,0
87095,1375,8,8,0
87037,3385,13,13,0
87140,1218,10,8,2
87162,1705,2,2,0
87061,706,7,7,0
87109,1066,11,11,0
87152,2713,16,16,0
87017,761,4,4,0
87200,914,6,6,0
87012,994,6,6,0
87029,1341,3,3,0
87047,1738,19,19,0
87139,1081,3,3,0
87116,1155,23,23,0
87120,1268,14,14,0
87027,1398,40,30,10
87016,2172,3,3,0
87042,802,3,3,0
87088,874,8,8,0
87125,2044,25,25,0
87187,1765,65,54,11
87082,1438,23,23,0
87199,1129,8,8,0
87086,1191,18,18,0
87015,987,6,6,0
87204,1235,8,8,0
87178,1898,31,30,1
87202,2119,18,18,0
87166,1824,8,8,0
87078,1708,6,6,0
87188,1401,5,5,0
87197,1888,11,8,3
87105,1108,10,10,0
87195,248,3,3,0
87121,784,7,5,2
87156,1929,13,13,0
87019,2767,13,13,0
87099,702,3,3,0
87186,1304,5,5,0
87157,1293,8,8,0
87191,1821,16,16,0
87104,1076,8,8,0
87060,1175,22,22,0
87087,1632,6,4,2
87160,1171,8,8,0
87165,2235,2,2,0
87020,1946,17,17,0
87138,794,5,5,0
87123,813,2,2,0
87031,1620,6,6,0
87183,1539,18,18,0
87068,788,10,10,0
87100,1277,14,14,0
87137,876,2,2,0
87159,1474,5,5,0
87129,1856,15,15,0
87056,1066,4,4,0
87023,1095,1,1,0
87025,1575,5,5,0
87009,1753,7,7,0
87067,1181,7,7,0
87080,582,4,4,0
87004,1352,5,5,0
87163,1171,4,4,0
87058,80,1,1,0
87091,1304,14,14,0
87133,608,4,4,0
87101,702,1,1,0
87007,3214,1,1,0
87150,1083,9,5,4
87036,1304,8,8,0
87127,1440,5,5,0
87145,917,4,4,0
87073,1076,6,6,0
87033,1511,11,11,0
87005,1445,4,4,0
87043,1056,5,5,0
87206,875,4,4,0
87053,1113,4,4,0
87153,1284,4,4,0
87076,1321,4,4,0
87203,1915,13,13,0
87174,1407,9,9,0
87194,931,4,4,0
87093,1326,3,3,0
87118,1389,15,15,0
87083,647,6,6,0
87052,664,4,4,0
87147,487,2,2,0
87069,1492,4,4,0
87035,978,8,8,0
87130,627,2,2,0
87142,2254,2,2,0
87134,1032,1,1,0
87190,440,6,6,0
87034,1677,5,5,0
87170,542,2,2,0
87077,1151,12,10,2
87084,1240,1,1,0
87115,1076,3,3,0
87193,1523,1,1,0
87081,1649,2,2,0
88465,1552,191,34,157
88209,4667,77,47,30
88216,1173,9,9,0
88349,1382,17,12,5
88160,2223,382,102,280
88075,3244,65,26,39
88330,676,3,3,0
88463,1964,22,22,0
88444,1003,5,3,2
88090,1390,31,14,17
88479,773,7,7,0
88413,2338,251,79,172
88068,1343,2,2,0
88468,1462,45,21,24
88426,1688,18,9,9
88081,2108,24,7,17
88196,3704,142,50,92
88500,2111,5,2,3
88116,1396,33,21,12
88467,801,6,3,3
88317,978,11,5,6
88103,305,4,4,0
88415,2260,32,22,10
88487,2226,48,19,29
88383,2437,88,14,74
88148,12856,23,9,14
88178,2210,15,9,6
88530,1437,22,11,11
88028,1592,5,3,2
88098,1932,9,8,1
88026,1291,8,8,0
88470,2328,35,22,13
88327,1771,19,9,10
88483,1880,18,12,6
88159,1211,9,9,0
88445,1557,15,10,5
88037,2357,9,7,2
88372,1463,52,37,15
88408,1416,46,28,18
88304,1511,50,19,31
88386,1353,1,1,0
88181,2477,50,26,24
88115,2225,14,9,5
88203,874,4,4,0
88030,933,2,2,0
88486,1620,23,19,4
88029,1761,29,6,23
88355,1360,8,8,0
88481,1541,5,5,0
88241,754,6,6,0
88451,948,31,20,11
88340,1261,3,3,0
88082,1113,13,11,2
88507,1260,3,3,0
88039,797,2,2,0
88346,711,11,6,5
88270,666,33,15,18
88124,511,17,10,7
88300,1480,2,2,0
88218,2025,26,14,12
88079,5789,22,22,0
88526,791,8,5,3
88145,1461,3,1,2
88076,1467,11,11,0
88371,1495,13,13,0
88322,974,6,6,0
88531,3800,36,17,19
88184,1389,3,3,0
88009,1916,19,13,6
88429,1669,28,21,7
88489,574,2,2,0
88262,667,3,2,1
88513,1579,19,18,1
88024,333,1,1,0
88087,2264,43,20,23
88238,718,3,3,0
88175,2060,3,3,0
88142,2498,4,4,0
88250,819,15,2,13
88095,1007,16,14,2
88285,538,4,4,0
88048,2295,7,7,0
88319,2344,35,14,21
88497,1146,3,3,0
88141,369,2,2,0
88121,1214,2,2,0
88077,1225,7,7,0
88165,1505,18,15,3
88032,2676,18,9,9
88406,1492,3,3,0
88458,1731,2,2,0
88269,4004,6,5,1
88516,4595,73,14,59
88114,737,24,11,13
88147,3491,3,3,0
88133,1442,1,1,0
88361,1305,18,11,7
88109,2200,7,7,0
88313,966,5,5,0
88367,1579,60,22,38
88298,1995,2,2,0
88215,1990,1,1,0
88055,944,1,1,0
88351,3279,56,8,48
88022,807,2,2,0
88106,2085,16,16,0
88194,877,7,7,0
88284,1379,7,6,1
88409,1612,15,11,4
88273,2229,5,3,2
88498,1262,7,6,1
88321,2429,60,23,37
88514,196,3,3,0
88447,1971,17,9,8
88474,619,3,3,0
88146,313,3,3,0
88243,1277,9,9,0
88225,1826,23,17,6
88179,873,2,2,0
88221,2181,6,6,0
88251,740,2,2,0
88320,1633,4,4,0
88257,1120,2,2,0
88158,3758,29,12,17
88393,1465,15,15,0
88290,430,1,1,0
88258,766,11,9,2
88015,507,5,5,0
88012,2579,16,15,1
88324,1016,3,3,0
88457,796,5,5,0
88518,2609,1,1,0
88094,1883,13,5,8
88419,750,4,0,4
88135,1437,8,2,6
88210,799,1,1,0
88440,572,3,3,0
88439,1767,6,5,1
88101,1176,5,2,3
88088,1126,12,12,0
88099,1009,6,4,2
88292,2827,10,2,8
88462,1163,9,6,3
88118,913,5,5,0
88259,682,3,3,0
88453,485,1,1,0
88044,905,4,4,0
88078,1583,28,6,22
88120,1484,8,6,2
88162,505,1,1,0
88062,288,1,1,0
88240,2368,3,1,2
88328,1538,2,2,0
88155,971,1,1,0
88435,1766,6,6,0
88266,1008,9,7,2
88294,1350,5,5,0
88464,1704,12,8,4
88424,1888,14,12,2
88374,372,1,1,0
88213,1271,2,2,0
88318,884,4,4,0
88473,636,3,3,0
88411,647,3,3,0
88064,2303,2,2,0
88177,1698,10,9,1
88190,843,5,5,0
88469,542,4,4,0
88166,726,3,3,0
88293,487,2,2,0
88446,1438,1,1,0
88299,775,5,5,0
88289,718,11,9,2
88495,1818,2,2,0
88423,1681,13,9,4
88302,2371,17,15,2
88478,644,3,3,0
88237,944,8,8,0
88126,1590,17,15,2
88428,2091,10,8,2
88454,1054,3,3,0
88144,679,3,3,0
88401,1119,2,2,0
88059,1926,6,4,2
88395,638,1,1,0
88113,948,2,2,0
88484,1461,7,7,0
88310,1102,8,8,0
88357,2001,5,5,0
88247,1523,10,6,4
88231,528,3,3,0
88108,968,7,7,0
88508,832,7,5,2
88123,592,5,5,0
88170,1888,10,10,0
88404,512,6,6,0
88105,758,3,3,0
88277,1517,3,3,0
88134,1179,2,2,0
88096,1050,3,3,0
88308,1550,1,1,0
88084,1217,2,2,0
88244,1924,4,2,2
88089,1820,6,5,1
88279,466,2,2,0
88459,1203,2,0,2
88188,6372,17,12,5
88476,715,3,3,0
88356,1344,2,2,0
88378,1736,1,1,0
88132,2015,11,5,6
88403,695,1,1,0
88527,1140,1,1,0
88524,420,5,5,0
88083,598,5,5,0
88369,1261,6,5,1
88151,1246,7,5,2
88185,740,1,1,0
88517,405,2,2,0
88006,1197,2,2,0
88176,830,4,4,0
88111,1634,6,6,0
88042,1351,1,1,0
88136,2525,1,1,0
88074,1368,1,1,0
88477,350,3,3,0
88206,1184,9,3,6
88183,2061,2,2,0
88312,1368,3,3,0
88295,1035,1,1,0
88510,671,2,2,0
88449,1323,1,1,0
88256,1119,1,1,0
88008,1750,10,2,8
88297,1758,1,1,0
88174,1004,2,2,0
88252,841,6,6,0
88140,1649,7,3,4
88421,375,1,1,0
88198,1831,6,6,0
88505,1643,3,3,0
88092,749,6,6,0
88157,1489,6,6,0
88233,1220,9,9,0
88246,727,3,2,1
88011,2438,15,9,6
88153,1869,6,2,4
88385,900,1,1,0
88488,995,3,3,0
88506,1200,1,1,0
88364,1175,1,1,0
88263,996,3,3,0
88475,639,2,2,0
88332,203,2,2,0
88381,723,11,11,0
88261,680,6,1,5
88400,2906,6,2,4
88341,1388,4,3,1
88358,1215,12,11,1
88117,538,1,1,0
88492,3674,3,3,0
88143,1034,2,2,0
88373,898,3,3,0
88521,1275,1,1,0
88418,932,6,6,0
88193,1078,2,2,0
88019,790,2,2,0
88485,147,1,1,0
88448,635,3,3,0
88085,2400,3,3,0
88391,1481,5,5,0
88519,1527,3,3,0
88267,88,2,2,0
88172,2035,2,2,0
88253,1835,1,0,1
88205,870,3,1,2
88249,891,4,4,0
88430,1044,6,6,0
88354,759,1,1,0
88450,582,3,3,0
88033,1038,1,1,0
88402,1042,1,1,0
88352,218,4,4,0
88490,1283,3,3,0
88065,4030,4,4,0
88501,2473,1,1,0
88139,822,3,3,0
88471,728,3,3,0
88197,3741,4,0,4
88375,1953,1,1,0
88025,279,1,1,0
88389,517,3,3,0
88376,850,2,2,0
88460,2391,3,0,3
88047,575,3,3,0
88045,361,1,1,0
88236,1122,1,1,0
88503,840,2,2,0
88342,5360,14,2,12
88504,1040,1,1,0
88368,1453,1,1,0
88314,457,1,1,0
88515,500,1,1,0
88442,1388,6,6,0
88212,650,6,6,0
88366,790,1,1,0
88255,703,2,2,0
88348,1100,1,1,0
88268,2833,1,1,0
88202,1465,3,3,0
88201,2293,4,4,0
88060,750,2,2,0
88163,1341,5,5,0
88224,1430,3,3,0
88128,1415,2,0,2
88494,519,1,1,0
88496,804,3,3,0
88182,1095,1,1,0
88362,2714,2,0,2
88410,788,2,2,0
88021,1806,3,3,0
88003,774,2,0,2
88154,481,1,1,0
88013,595,1,1,0
88173,1661,4,4,0
88086,1448,1,1,0
88017,447,1,1,0
88482,457,3,3,0
88276,2094,3,3,0
88080,1094,2,2,0
88169,1081,1,1,0
88104,120,1,1,0
88338,591,2,2,0
88274,720,1,1,0
88122,2426,2,2,0
88040,2308,1,1,0
88002,3102,3,3,0
88051,792,1,1,0
88073,1362,6,6,0
88014,2000,1,1,0
88016,319,2,2,0
88219,628,1,1,0
88248,518,1,1,0
88336,278,1,1,0
88195,612,1,1,0
88054,1125,1,1,0
88325,1026,1,1,0
88280,167,2,2,0
88222,1092,1,1,0
88214,341,1,1,0
88271,437,1,1,0
88432,411,1,1,0
88315,3333,1,1,0
88344,179,1,1,0
88005,1059,2,2,0
88387,537,2,2,0
88472,834,1,1,0
88425,938,1,1,0
88466,375,3,3,0
88379,478,1,1,0
88119,1667,2,2,0
88220,467,1,1,0
88199,333,1,1,0
88152,1319,1,1,0
88528,2298,2,2,0
88161,1055,1,1,0
88043,500,1,1,0
88291,723,1,1,0
88061,422,1,1,0
89085,1208,10,10,0
89024,2841,391,132,259
89449,2087,18,18,0
89346,5490,37,21,16
89167,1527,7,7,0
89469,1334,15,15,0
89387,2560,276,84,192
89307,1602,10,9,1
89130,1344,15,15,0
89151,1332,31,31,0
89027,1433,4,4,0
89398,1238,7,7,0
89321,826,12,11,1
89063,1370,14,14,0
89181,1137,2,2,0
89083,1808,12,12,0
89461,2340,32,16,16
89309,2951,46,33,13
89119,638,3,3,0
89054,1851,15,15,0
89446,2324,7,7,0
89206,2064,115,69,46
89100,1951,22,20,2
89025,3072,68,28,40
89129,822,5,5,0
89264,1398,11,11,0
89071,368,1,1,0
89345,1191,49,32,17
89086,1519,102,101,1
89204,859,5,5,0
89032,1220,2,2,0
89364,1605,2,2,0
89347,1090,4,4,0
89034,2503,2,2,0
89013,2049,34,32,2
89441,702,23,23,0
89003,1787,28,24,4
89084,482,5,3,2
89257,2023,94,42,52
89068,3705,24,18,6
89127,2016,1,1,0
89311,1562,8,8,0
89124,2742,13,13,0
89055,1602,38,36,2
89282,1239,8,8,0
89076,1177,6,6,0
89280,1183,5,5,0
89212,1775,5,5,0
89158,1010,7,7,0
89334,1521,8,8,0
89425,5606,9,9,0
89344,2659,34,21,13
89335,1281,9,9,0
89154,1491,3,3,0
89287,1695,22,19,3
89242,13794,15,15,0
89460,2032,33,29,4
89210,751,6,6,0
89391,2087,8,8,0
89150,1116,4,4,0
89362,1621,1,1,0
89015,855,9,9,0
89424,1205,2,2,0
89432,2806,7,7,0
89392,1982,6,6,0
89324,1397,19,19,0
89278,3919,5,5,0
89416,1162,8,8,0
89443,1756,16,16,0
89288,976,5,5,0
89418,3805,57,23,34
89453,1811,13,13,0
89050,1397,8,7,1
89080,3125,9,9,0
89255,2206,11,9,2
89239,1823,8,8,0
89201,3149,23,21,2
89259,404,1,1,0
89223,1002,11,11,0
89405,452,8,8,0
89228,1591,5,5,0
89122,808,8,8,0
89023,1915,14,12,2
89263,2743,20,18,2
89209,1223,5,5,0
89196,1676,18,18,0
89295,3334,7,3,4
89464,1657,63,38,25
89074,2960,30,24,6
89365,872,8,8,0
89218,1144,15,12,3
89467,2289,4,4,0
89007,956,6,6,0
89245,918,9,9,0
89451,2357,4,4,0
89338,1363,14,9,5
89348,1686,38,33,5
89350,2826,7,7,0
89370,1872,12,11,1
89005,716,18,14,4
89438,1279,15,15,0
89315,1654,2,2,0
89439,1310,14,13,1
89380,6583,4,4,0
89337,2938,8,8,0
89197,1046,8,8,0
89385,1014,3,3,0
89316,417,1,1,0
89102,1487,13,13,0
89414,1476,14,12,2
89099,1649,26,24,2
89266,964,6,5,1
89359,674,4,4,0
89306,2071,4,4,0
89373,3102,5,5,0
89268,1238,6,6,0
89092,314,3,3,0
89279,1580,8,8,0
89286,1193,6,6,0
89428,2736,9,8,1
89091,841,10,8,2
89133,2708,6,6,0
89434,1539,6,6,0
89043,6736,4,4,0
89046,810,17,17,0
89079,1024,8,8,0
89368,1559,14,14,0
89165,938,4,4,0
89195,3534,18,18,0
89227,1830,10,10,0
89230,4492,3,3,0
89014,1461,7,7,0
89483,1567,3,3,0
89328,3896,3,3,0
89051,1912,12,12,0
89031,1454,5,5,0
89379,612,3,3,0
89318,1271,11,10,1
89240,2896,5,5,0
89353,1462,8,8,0
89131,632,3,2,1
89420,1510,17,17,0
89232,1000,5,3,2
89056,1134,3,3,0
89436,1537,13,13,0
89388,1963,14,14,0
89189,3110,4,4,0
89216,1139,2,2,0
89327,818,6,6,0
89004,1138,3,3,0
89029,1560,15,15,0
89187,303,4,4,0
89073,1215,20,20,0
89172,1968,3,3,0
89030,1715,4,4,0
89313,2030,6,6,0
89292,1080,4,4,0
89349,2427,7,7,0
89118,896,9,9,0
89148,676,3,3,0
89111,1299,8,8,0
89265,1922,4,4,0
89308,4696,4,4,0
89477,763,6,6,0
89145,1520,5,5,0
89475,460,3,3,0
89427,3237,6,3,3
89415,1763,1,1,0
89220,1493,10,10,0
89156,1304,4,4,0
89171,460,3,2,1
89325,504,2,2,0
89367,696,3,3,0
89113,1503,1,1,0
89139,1394,14,14,0
89238,972,9,9,0
89125,807,13,9,4
89479,1855,10,10,0
89236,2009,8,8,0
89382,1341,20,20,0
89431,1277,7,7,0
89104,809,4,4,0
89077,1455,15,15,0
89298,1569,13,13,0
89283,969,9,9,0
89161,1206,3,3,0
89450,1734,7,7,0
89194,1262,6,6,0
89399,1276,5,5,0
89164,809,3,3,0
89336,651,4,4,0
89018,1614,13,13,0
89251,1131,6,6,0
89066,1258,14,13,1
89180,1631,1,1,0
89332,1149,5,5,0
89235,2684,11,11,0
89152,1936,3,3,0
89393,850,1,1,0
89404,1564,1,1,0
89067,1743,15,15,0
89341,1133,10,8,2
89408,1072,3,3,0
89163,962,6,6,0
89094,2000,9,9,0
89120,904,2,2,0
89411,1278,6,6,0
89478,1867,15,8,7
89360,1432,13,13,0
89136,1954,6,6,0
89053,2252,3,3,0
89108,1132,3,3,0
89291,1402,9,4,5
89221,463,4,4,0
89355,3457,4,4,0
89048,737,3,3,0
89041,864,1,1,0
89272,1065,3,3,0
89273,1117,11,11,0
89274,1683,11,11,0
89312,851,3,3,0
89199,1320,10,8,2
89463,3277,10,6,4
89440,1431,2,2,0
89297,907,2,2,0
89326,2010,13,13,0
89277,1028,3,3,0
89390,1790,10,10,0
89267,1128,2,2,0
89246,1773,5,5,0
89176,1372,3,3,0
89377,1351,1,1,0
89281,1817,5,5,0
89200,2606,7,7,0
89190,1780,3,3,0
89020,1526,4,4,0
89472,935,6,6,0
89173,1641,9,9,0
89069,1108,4,4,0
89186,766,2,2,0
89060,1979,6,6,0
89314,721,4,4,0
89407,885,14,14,0
89045,1589,2,2,0
89331,424,8,8,0
89276,1204,14,14,0
89354,1576,11,11,0
89205,705,4,4,0
89304,1555,11,11,0
89254,2926,12,3,9
89320,454,4,4,0
89412,1574,1,1,0
89482,744,1,1,0
89419,23322,72,29,43
89369,1609,4,4,0
89430,1587,1,1,0
89262,777,4,4,0
89237,693,2,2,0
89170,749,3,3,0
89198,1765,10,10,0
89142,1499,10,10,0
89323,472,1,1,0
89374,430,1,1,0
89087,1053,3,3,0
89143,1505,3,3,0
89040,1011,1,1,0
89400,1435,4,4,0
89033,1234,1,1,0
89222,1303,1,1,0
89486,1401,3,3,0
89394,928,4,4,0
89010,679,5,5,0
89310,1579,2,2,0
89378,2155,5,5,0
89406,3308,3,3,0
89179,1155,10,10,0
89480,5465,8,8,0
89456,1788,5,5,0
89036,1421,4,4,0
89169,1158,3,3,0
89462,796,9,9,0
89302,1420,7,7,0
89044,1522,1,1,0
89141,1479,3,3,0
89426,3458,4,4,0
89088,1203,4,4,0
89075,2561,6,6,0
89397,1424,4,4,0
89229,1787,1,1,0
89059,1292,2,2,0
89329,1164,2,2,0
89211,1130,2,2,0
89057,1197,5,5,0
89319,2051,4,4,0
89253,952,3,3,0
89226,805,5,5,0
89146,450,1,1,0
89296,1625,1,1,0
89037,1501,3,3,0
89333,851,2,2,0
89386,422,2,2,0
89162,3316,9,9,0
89062,805,1,1,0
89303,927,3,3,0
89384,917,6,6,0
89147,857,5,5,0
89061,1338,3,3,0
89096,1817,8,8,0
89234,1148,2,2,0
89442,1315,3,3,0
89144,1613,6,6,0
89423,766,3,3,0
89468,1106,5,5,0
89115,2236,5,5,0
89261,2062,1,1,0
89098,438,3,3,0
89300,918,1,1,0
89413,741,1,1,0
89095,1064,2,2,0
89458,3236,5,5,0
89160,1914,5,5,0
89101,857,4,4,0
89208,1446,3,1,2
89008,1143,1,1,0
89452,961,4,4,0
89038,788,2,2,0
89184,360,3,1,2
89352,2331,4,4,0
89072,1561,2,2,0
89117,1112,1,1,0
89021,926,2,2,0
89128,1598,1,1,0
89395,856,3,3,0
89466,1215,1,1,0
89183,1136,1,1,0
89342,2519,2,2,0
89153,530,1,1,0
89299,1458,2,2,0
89402,3840,2,2,0
89019,128,1,1,0
89474,184,2,2,0
89214,773,2,2,0
89123,694,3,3,0
89447,606,2,2,0
89093,2521,2,2,0
89035,4151,3,3,0
89134,962,2,2,0
89137,4329,4,4,0
89285,1688,5,5,0
89361,1682,1,1,0
89485,1218,1,1,0
89016,758,1,1,0
89224,904,1,1,0
89017,2048,2,0,2
89175,1075,2,2,0
89351,1161,3,3,0
89132,1047,1,1,0
89182,573,1,1,0
89049,364,1,1,0
89289,1667,1,1,0
89155,1311,4,4,0
89058,2404,2,2,0
89006,573,1,1,0
89471,1136,4,4,0
89433,694,1,1,0
89089,338,1,1,0
90099,1428,45,17,28
90010,3154,528,52,476
90075,1847,29,22,7
90033,2097,50,30,20
90065,1580,11,9,2
90039,1993,22,15,7
90008,1953,30,9,21
90037,1161,6,6,0
90003,1575,5,3,2
90006,2163,4,4,0
90042,2001,22,19,3
90032,1444,16,4,12
90058,1602,3,3,0
90056,1728,14,12,2
90022,1971,35,21,14
90029,2562,20,4,16
90024,2252,2,2,0
90049,2265,2,1,1
90093,1363,6,4,2
90044,1838,2,2,0
90054,1857,5,5,0
90080,1439,5,5,0
90001,23042,7,6,1
90035,2010,5,3,2
90051,2253,3,3,0
90052,2505,40,14,26
90026,2399,6,5,1
90012,2043,6,5,1
90069,1863,11,7,4
90004,1669,4,2,2
90045,1885,9,7,2
90095,1887,3,3,0
90009,2325,33,11,22
90053,3756,32,9,23
90090,1407,4,4,0
90041,1293,8,7,1
90017,2041,14,5,9
90079,2010,2,2,0
90089,1171,15,7,8
90014,1589,2,2,0
90091,2372,4,4,0
90081,995,1,1,0
90023,1978,7,5,2
90076,1865,8,5,3
90027,1821,2,2,0
90084,2314,2,2,0
90104,2153,9,8,1
90020,2746,3,2,1
90086,1890,2,2,0
90013,2221,3,3,0
90002,2719,2,2,0
90030,2790,3,3,0
90034,1474,3,3,0
90096,1714,2,2,0
90087,2388,3,3,0
90071,2766,8,4,4
90097,1661,4,3,1
90043,1944,2,2,0
90103,1952,4,4,0
90088,1809,5,4,1
90015,1630,2,1,1
90005,1021,3,2,1
90057,2178,4,4,0
90094,2562,1,1,0
90082,2525,2,2,0
90011,1388,1,1,0
90019,667,2,2,0
90070,1210,2,2,0
90105,1867,4,4,0
90046,1388,1,1,0
90062,1912,1,1,0
90048,1123,1,1,0
90074,1984,3,3,0
90083,881,1,1,0
90078,3192,1,1,0
90068,3084,5,4,1
90085,2162,2,2,0
90102,1590,4,4,0
90072,2855,2,1,1
90025,1098,2,2,0
90036,964,1,1,0
90066,1315,1,1,0
90047,2090,1,1,0
91228,39934,457,62,395
91386,3144,105,60,45
91521,2615,213,61,152
91174,5456,476,102,374
91600,4343,44,27,17
91114,6206,200,110,90
91691,7406,291,126,165
91589,4471,279,137,142
91045,3454,78,62,16
91514,4768,95,50,45
91272,7405,153,67,86
91553,3707,67,43,24
91027,4583,207,66,141
91477,4892,205,60,145
91552,3970,80,57,23
91103,5340,248,96,152
91339,15895,112,50,62
91179,5376,48,25,23
91086,3318,80,45,35
91685,3589,28,18,10
91549,10851,252,127,125
91587,4257,53,24,29
91021,3498,119,28,91
91340,3057,44,33,11
91468,3267,16,13,3
91112,2053,3,3,0
91570,4544,120,53,67
91363,4027,69,45,24
91223,4974,293,82,211
91201,4375,181,98,83
91315,3903,42,38,4
91377,4541,341,41,300
91345,3298,168,41,127
91326,6584,166,38,128
91432,4224,84,52,32
91421,5099,151,74,77
91667,4457,55,42,13
91136,6561,29,19,10
91544,4511,17,14,3
91161,7215,199,22,177
91659,3426,29,24,5
91204,3297,4,4,0
91657,3848,155,72,83
91471,4792,104,56,48
91617,3658,35,25,10
91016,2151,33,29,4
91511,2358,36,28,8
91533,2430,36,29,7
91629,3208,8,8,0
91593,4586,27,26,1
91434,6297,166,88,78
91274,4135,11,7,4
91425,5228,83,26,57
91457,3702,31,29,2
91338,5257,51,40,11
91634,4030,11,10,1
91216,69867,91,61,30
91665,3555,46,31,15
91631,3906,22,21,1
91122,4428,48,35,13
91191,3684,75,32,43
91156,3308,16,13,3
91347,3941,65,40,25
91097,3049,59,23,36
91198,3692,12,11,1
91494,3371,24,18,6
91534,5093,30,25,5
91687,3909,191,68,123
91507,4184,3,3,0
91244,3371,10,10,0
91645,6668,116,60,56
91577,3461,65,50,15
91479,5642,44,36,8
91540,3368,43,35,8
91649,3380,20,19,1
91692,2642,118,13,105
91249,3656,28,24,4
91482,3685,9,4,5
91458,3807,33,15,18
91186,3054,3,3,0
91085,3171,28,25,3
91200,3193,87,39,48
91689,4917,61,21,40
91235,3199,42,12,30
91573,3503,85,37,48
91376,5087,48,31,17
91661,4235,55,18,37
91312,6049,80,57,23
91232,3725,40,27,13
91613,1928,4,4,0
91038,2574,14,9,5
91293,5655,7,7,0
91132,2984,13,6,7
91105,3559,47,42,5
91461,3169,25,23,2
91131,3915,13,13,0
91579,3232,21,14,7
91405,3510,53,43,10
91226,3395,63,42,21
91666,7501,14,12,2
91095,3870,16,15,1
91330,4733,64,41,23
91390,2659,33,31,2
91333,3018,33,27,6
91318,3364,21,19,2
91109,3187,9,9,0
91115,3161,19,12,7
91129,3103,17,13,4
91671,3601,7,7,0
91654,4668,14,14,0
91215,2200,60,14,46
91275,4646,20,19,1
91639,3305,15,14,1
91207,6572,35,24,11
91359,2631,29,25,4
91662,4035,10,10,0
91412,9537,6,6,0
91378,3478,3,1,2
91635,5555,8,7,1
91099,3310,32,27,5
91069,2593,5,5,0
91064,6614,55,33,22
91080,3439,15,13,2
91286,2963,24,11,13
91130,2355,4,3,1
91047,6634,26,10,16
91098,2315,5,3,2
91546,3369,8,8,0
91175,3922,29,20,9
91525,3098,10,10,0
91111,3621,28,25,3
91630,3424,16,16,0
91433,3135,20,17,3
91599,2975,4,4,0
91441,4569,2,0,2
91538,4779,5,4,1
91411,3590,13,12,1
91568,3288,16,13,3
91463,3149,3,3,0
91319,4110,5,3,2
91079,3539,16,16,0
91148,2812,1,1,0
91648,12996,18,12,6
91284,2562,8,8,0
91581,6797,10,10,0
91578,3563,1,1,0
91135,5164,21,21,0
91044,3702,35,22,13
91121,2357,4,4,0
91292,3532,10,9,1
91106,2492,6,6,0
91037,4286,1,0,1
91225,3814,20,11,9
91408,3527,8,7,1
91469,3095,12,12,0
91022,1656,1,1,0
91273,2695,8,8,0
91393,1879,3,3,0
91093,3576,4,4,0
91017,4266,6,4,2
91159,3791,15,13,2
91556,6438,9,9,0
91137,2193,7,7,0
91247,3094,4,4,0
91041,6436,4,3,1
91679,4152,5,3,2
91294,2879,4,4,0
91100,2895,5,5,0
91435,4271,5,5,0
91243,5228,7,5,2
91035,2359,4,4,0
91399,6789,7,7,0
91332,3610,10,9,1
91195,2101,3,3,0
91508,2892,3,3,0
91495,2484,2,2,0
91519,2960,3,3,0
91374,485,1,1,0
91473,2895,1,1,0
91560,2759,1,1,0
91547,2392,4,4,0
91067,2595,1,1,0
91081,250,1,1,0
91414,1902,1,1,0
91248,2395,1,1,0
91180,5703,2,2,0
92025,7818,603,166,437
92044,31377,660,2,658
92009,12197,295,54,241
92024,53484,557,7,550
92004,17495,848,61,787
92073,20516,411,36,375
92050,34266,336,68,268
92035,15637,281,19,262
92026,13476,673,23,650
92051,20843,686,8,678
92063,8949,570,143,427
92036,14402,136,28,108
92078,4147,82,12,70
92062,10064,354,16,338
92032,39655,194,28,166
92020,6592,257,30,227
92046,14998,164,33,131
92077,6429,71,7,64
92049,9572,434,9,425
92014,7559,158,30,128
92007,6125,143,25,118
92012,15172,1145,24,1121
92064,9272,217,21,196
92019,5442,196,19,177
92040,17522,490,31,459
92076,6248,45,14,31
92048,8350,356,50,306
92023,8512,438,124,314
92022,7576,171,31,140
92071,8938,102,22,80
92033,6831,136,39,97
92002,6826,407,144,263
92060,7918,250,33,217
92072,7718,162,33,129
92075,22777,231,25,206
92047,9113,9,5,4
93063,6729,120,43,77
93031,3578,233,46,187
93050,3810,116,20,96
93005,4190,265,145,120
93073,3935,163,111,52
93051,6233,322,79,243
93029,6236,296,120,176
93007,5220,180,111,69
93064,4855,237,43,194
93048,26646,546,95,451
93070,6783,254,17,237
93032,4477,213,109,104
93053,5390,138,32,106
93055,8984,265,10,255
93062,5283,108,32,76
93066,5788,349,27,322
93071,3942,155,74,81
93046,38174,320,107,213
93001,18132,284,20,264
93006,6004,126,14,112
93010,18739,144,56,88
93078,3149,137,63,74
93074,4347,44,27,17
93059,13533,110,38,72
93061,7957,67,7,60
93013,3947,54,10,44
93077,5013,154,73,81
93008,9742,105,25,80
93049,5371,129,49,80
93057,4357,136,46,90
93045,11633,104,7,97
93014,20871,92,28,64
93027,4013,88,24,64
93047,5610,113,73,40
93072,5091,85,37,48
93015,3479,20,12,8
93079,9248,20,5,15
93039,488493,962,7,955
93033,4521,26,16,10
93030,2800,17,1,16
94017,10177,462,169,293
94068,8676,737,232,505
94076,19938,333,70,263
94038,13837,201,51,150
94022,4493,286,52,234
94080,15545,561,21,540
94028,5151,447,51,396
94033,7659,327,97,230
94081,9920,445,120,325
94034,3932,180,24,156
94046,13454,409,51,358
94043,34748,221,3,218
94078,7017,151,55,96
94052,8709,359,46,313
94070,4368,42,31,11
94004,3672,99,25,74
94069,7311,100,6,94
94058,7880,364,104,260
94018,11489,271,3,268
94067,21804,188,1,187
94037,8353,89,16,73
94002,7556,313,28,285
94042,7379,149,38,111
94015,6404,142,49,93
94079,5581,192,63,129
94075,5143,75,38,37
94041,12369,411,28,383
94001,29139,114,13,101
94011,15901,83,22,61
94021,4763,98,13,85
94071,5023,168,84,84
94019,5613,171,62,109
94056,3660,14,12,2
94055,5369,51,46,5
94003,10046,110,21,89
94054,4655,95,37,58
94044,3657,162,36,126
94073,4990,219,37,182
94074,7611,39,16,23
94016,16701,198,39,159
94053,5852,41,17,24
94060,3769,72,60,12
94059,5867,143,41,102
94077,6854,156,84,72
94048,3559,32,29,3
94065,4548,35,10,25
94047,5018,22,14,8
95313,4615,117,66,51
95427,3973,95,44,51
95535,3494,6,6,0
95197,5176,208,76,132
95323,3633,86,58,28
95060,4328,55,36,19
95504,3694,42,34,8
95612,5405,40,28,12
95063,4942,211,80,131
95277,3914,121,45,76
95500,4183,229,68,161
95582,5316,198,71,127
95585,3275,213,63,150
95555,4493,150,49,101
95252,4772,296,58,238
95306,4572,264,142,122
95019,4112,90,61,29
95210,6974,97,24,73
95563,4609,151,85,66
95268,3365,139,31,108
95487,45767,129,32,97
95181,3625,2,1,1
95280,4486,141,104,37
95580,4180,35,31,4
95488,4095,51,33,18
95604,2997,38,15,23
95607,3933,210,85,125
95353,5138,20,10,10
95680,4073,155,43,112
95199,4132,104,49,55
95229,3440,85,43,42
95476,4231,99,71,28
95127,3401,378,77,301
95219,4572,164,57,107
95572,3463,124,48,76
95018,5707,692,256,436
95288,5796,85,50,35
95116,2917,36,34,2
95241,2763,17,12,5
95428,4841,195,61,134
95369,4698,16,8,8
95351,3404,83,47,36
95355,4218,49,31,18
95039,4767,65,51,14
95040,3877,10,10,0
95051,4350,74,55,19
95370,3686,24,21,3
95183,3683,49,23,26
95592,16264,18,9,9
95120,4321,10,9,1
95176,5142,180,90,90
95134,3373,33,29,4
95257,4487,48,34,14
95574,6073,61,38,23
95658,3285,16,16,0
95652,3199,47,36,11
95056,4005,18,16,2
95394,8725,87,48,39
95554,3458,9,9,0
95203,5301,173,61,112
95023,2728,5,5,0
95426,5023,18,14,4
95052,3924,128,43,85
95424,3711,104,58,46
95430,3711,27,19,8
95250,3132,77,63,14
95539,11091,129,53,76
95598,4614,141,69,72
95091,3273,27,23,4
95026,3521,30,25,5
95491,12448,74,43,31
95656,3227,8,8,0
95541,2622,6,6,0
95110,2596,2,0,2
95256,6263,27,18,9
95059,2331,8,8,0
95308,3431,4,2,2
95637,3673,94,60,34
95218,3763,129,60,69
95395,3205,4,3,1
95452,2975,9,5,4
95388,3242,37,29,8
95352,4696,40,26,14
95205,3353,44,20,24
95422,2456,2,2,0
95509,3391,34,30,4
95270,10806,6,3,3
95371,3608,35,30,5
95028,3243,15,13,2
95675,3243,22,9,13
95566,2967,19,18,1
95543,2419,1,1,0
95014,4687,18,13,5
95527,3861,10,5,5
95480,4783,50,42,8
95002,3270,8,8,0
95149,4082,23,21,2
95483,3064,1,1,0
95328,5053,11,10,1
95150,2793,3,3,0
95142,3183,14,13,1
95523,2532,4,4,0
95287,3892,5,4,1
95078,3239,11,9,2
95641,5575,25,14,11
95213,3115,4,4,0
95392,3612,31,19,12
95660,3514,11,8,3
95271,2996,2,2,0
95446,4125,18,17,1
95409,3653,6,4,2
95678,4628,9,9,0
95445,4492,4,4,0
95058,3669,13,12,1
95253,2911,9,8,1
95625,3346,17,15,2
95316,4021,4,4,0
95166,3149,9,9,0
95436,2749,9,6,3
95298,2179,5,5,0
95450,3863,5,4,1
95628,4957,14,10,4
95348,4186,8,4,4
95429,3300,2,2,0
95042,3553,16,12,4
95177,3867,8,6,2
95651,4353,18,16,2
95088,2780,5,4,1
95119,3234,6,6,0
95012,5175,7,7,0
95170,2234,4,2,2
95303,3575,2,1,1
95594,3036,10,9,1
95211,4462,20,15,5
95341,3985,5,4,1
95061,3060,8,7,1
95101,4266,6,3,3
95682,2574,2,2,0
95489,3514,6,6,0
95144,2957,1,1,0
95633,2484,2,2,0
95008,3231,6,6,0
95301,2787,4,2,2
95011,2789,3,3,0
95610,7290,4,4,0
95055,3543,3,1,2
95258,4004,4,4,0
95169,1966,5,5,0
95214,851,1,0,1
95510,4566,2,2,0
95365,3648,7,7,0
95024,5186,1,1,0
95157,2908,1,1,0
95529,4083,8,8,0
95584,2876,4,4,0
95139,3148,3,3,0
95254,3607,6,6,0
95331,1139,1,0,1
95304,3592,4,4,0
95690,2768,1,1,0
95094,3552,3,3,0
95456,3677,4,4,0
95492,3277,2,0,2
95054,1753,2,1,1
95627,4014,3,1,2
95154,3501,3,1,2
95459,4370,7,6,1
95447,6366,2,2,0
95379,3068,2,2,0
95309,4643,4,4,0
95102,2997,1,1,0
95074,7695,2,1,1
95212,3462,1,1,0
95462,3663,1,1,0
95295,3444,2,2,0
97125,4689,22,10,12
97101,2131,31,13,18
97113,3481,16,6,10
97128,3318,8,3,5
97103,2626,20,6,14
97107,2063,5,5,0
97118,3462,16,14,2
97120,3127,9,1,8
97122,1635,4,4,0
97116,22890,36,4,32
97109,1997,4,1,3
97132,2399,3,3,0
97117,4661,9,7,2
97129,964,21,21,0
97124,3141,5,2,3
97134,3829,6,3,3
97105,4538,4,0,4
97111,6683,1,1,0
97127,4869,34,12,22
97106,2755,2,2,0
97114,989,1,1,0
97133,2469,2,2,0
97119,55,1,1,0
97126,5789,2,2,0
97115,2226,1,1,0
97227,5029,15,9,6
97213,3252,53,20,33
97216,1010,2,2,0
97209,3637,152,54,98
97230,2694,21,13,8
97221,3041,10,9,1
97206,3621,22,8,14
97228,4012,6,2,4
97232,5077,14,12,2
97224,4157,13,7,6
97202,11774,11,1,10
97222,3380,30,17,13
97231,6641,32,7,25
97207,4516,25,5,20
97226,3628,18,7,11
97229,3449,31,12,19
97204,3249,18,10,8
97210,5764,20,18,2
97218,1899,6,6,0
97233,9012,3,3,0
97217,3120,9,2,7
97223,2172,5,4,1
97225,1216,2,2,0
97212,3078,15,5,10
97219,1500,3,3,0
97220,3769,6,6,0
97205,3627,2,2,0
97234,983,1,1,0
97214,1904,4,3,1
97302,39520,316,84,232
97305,1932,27,27,0
97304,26563,129,60,69
97309,105142,328,267,61
97307,45190,101,55,46
97353,115,1,1,0
97310,1631,14,14,0
97313,2169,14,14,0
97301,79,2,2,0
97312,1108,17,15,2
97311,6263,69,49,20
97306,1599,8,8,0
97303,2211,6,6,0
97308,89,6,6,0
97415,6005,96,48,48
97420,2732,12,10,2
97411,3367,194,43,151
97422,3305,87,54,33
97406,17895,25,25,0
97414,4494,41,28,13
97410,5156,30,16,14
97409,3551,29,20,9
97407,2679,7,7,0
97413,3966,46,31,15
97416,3468,107,54,53
97408,2643,67,31,36
97412,2682,39,35,4
97418,21891,46,13,33
97403,1914,5,5,0
97402,1943,11,7,4
97405,2282,7,7,0
97419,22575,17,17,0
97401,3394,13,7,6
97424,440,4,4,0
97404,7609,18,17,1
97421,2510,9,9,0
97423,28500,26,0,26
97417,1524,4,4,0
75118,31795,2297,8,2289
75103,23346,481,0,481
75109,23672,813,1,812
75110,40601,1181,0,1181
75120,18866,1312,7,1305
75119,53692,1196,21,1175
75117,35923,1843,5,1838
75102,18496,281,0,281
75108,63310,448,0,448
75104,44907,347,0,347
75101,96186,253,0,253
75113,11610,886,7,879
75106,35648,559,2,557
75116,43152,1821,26,1795
75111,30716,1758,0,1758
75112,11884,1122,6,1116
75115,23982,2052,10,2042
75114,170102,1060,9,1051
75105,24784,541,1,540
75107,37418,693,4,689
